GAME_ID,EVENTNUM,EVENTMSGTYPE,EVENTMSGACTIONTYPE,PERIOD,WCTIMESTRING,PCTIMESTRING,HOMEDESCRIPTION,NEUTRALDESCRIPTION,VISITORDESCRIPTION,SCORE,SCOREMARGIN,PERSON1TYPE,PLAYER1_ID,PLAYER1_NAME,PLAYER1_TEAM_ID,PLAYER1_TEAM_CITY,PLAYER1_TEAM_NICKNAME,PLAYER1_TEAM_ABBREVIATION,PERSON2TYPE,PLAYER2_ID,PLAYER2_NAME,PLAYER2_TEAM_ID,PLAYER2_TEAM_CITY,PLAYER2_TEAM_NICKNAME,PLAYER2_TEAM_ABBREVIATION,PERSON3TYPE,PLAYER3_ID,PLAYER3_NAME,PLAYER3_TEAM_ID,PLAYER3_TEAM_CITY,PLAYER3_TEAM_NICKNAME,PLAYER3_TEAM_ABBREVIATION,VIDEO_AVAILABLE_FLAG
0011300104,0,12,0,1,7:10 PM,12:00,,Start of 1st Period (7:10 PM EST),,,,0,0,,,,,,0,0,,,,,,0,0,,,,,,0
0011300104,1,10,0,1,7:11 PM,12:00,Jump Ball Biyombo vs. Thompson: Tip to Varejao,,,,,4,202687,Bismack Biyombo,1610612766.0,Charlotte,Bobcats,CHA,5,202684,Tristan Thompson,1610612739.0,Cleveland,Cavaliers,CLE,5,2760,Anderson Varejao,1610612739.0,Cleveland,Cavaliers,CLE,0
0011300104,4,5,1,1,7:11 PM,11:45,,,Clark Bad Pass Turnover (P1.T1),,,5,201947,Earl Clark,1610612739.0,Cleveland,Cavaliers,CLE,0,0,,,,,,0,0,,,,,,0
0011300104,5,6,3,1,7:11 PM,11:45,,,Clark L.B.FOUL (P1.T1),,,5,201947,Earl Clark,1610612739.0,Cleveland,Cavaliers,CLE,4,203077,Michael Kidd-Gilchrist,1610612766.0,Charlotte,Bobcats,CHA,1,0,,,,,,0
0011300104,7,2,1,1,7:12 PM,11:16,MISS Walker 19' Jump Shot,,,,,4,202689,Kemba Walker,1610612766.0,Charlotte,Bobcats,CHA,0,0,,,,,,0,0,,,,,,0
0011300104,8,4,0,1,7:12 PM,11:15,,,Varejao REBOUND (Off:0 Def:1),,,5,2760,Anderson Varejao,1610612739.0,Cleveland,Cavaliers,CLE,0,0,,,,,,0,0,,,,,,0
0011300104,9,5,2,1,7:12 PM,11:00,Henderson STEAL (1 STL),,Waiters Lost Ball Turnover (P1.T2),,,5,203079,Dion Waiters,1610612739.0,Cleveland,Cavaliers,CLE,4,201945,Gerald Henderson,1610612766.0,Charlotte,Bobcats,CHA,0,0,,,,,,0
0011300104,10,6,1,1,7:12 PM,10:56,,,Irving P.FOUL (P1.T2),,,5,202681,Kyrie Irving,1610612739.0,Cleveland,Cavaliers,CLE,4,201945,Gerald Henderson,1610612766.0,Charlotte,Bobcats,CHA,1,0,,,,,,0
0011300104,11,1,1,1,7:13 PM,10:40,Henderson 16' Jump Shot (2 PTS) (Kidd-Gilchrist 1 AST),,,0 - 2,2,4,201945,Gerald Henderson,1610612766.0,Charlotte,Bobcats,CHA,4,203077,Michael Kidd-Gilchrist,1610612766.0,Charlotte,Bobcats,CHA,0,0,,,,,,0
0011300104,13,2,1,1,7:13 PM,10:26,,,MISS Thompson 10' Jump Shot,,,5,202684,Tristan Thompson,1610612739.0,Cleveland,Cavaliers,CLE,0,0,,,,,,0,0,,,,,,0
0011300104,14,4,0,1,7:13 PM,10:25,,,Thompson REBOUND (Off:1 Def:0),,,5,202684,Tristan Thompson,1610612739.0,Cleveland,Cavaliers,CLE,0,0,,,,,,0,0,,,,,,0
0011300104,15,6,2,1,7:13 PM,10:25,Biyombo S.FOUL (P1.T1),,,,,4,202687,Bismack Biyombo,1610612766.0,Charlotte,Bobcats,CHA,5,202684,Tristan Thompson,1610612739.0,Cleveland,Cavaliers,CLE,1,0,,,,,,0
0011300104,16,3,11,1,7:13 PM,10:25,,,Thompson Free Throw 1 of 2 (1 PTS),1 - 2,1,5,202684,Tristan Thompson,1610612739.0,Cleveland,Cavaliers,CLE,0,0,,,,,,0,0,,,,,,0
0011300104,18,3,12,1,7:14 PM,10:25,,,Thompson Free Throw 2 of 2 (2 PTS),2 - 2,TIE,5,202684,Tristan Thompson,1610612739.0,Cleveland,Cavaliers,CLE,0,0,,,,,,0,0,,,,,,0
0011300104,20,5,2,1,7:14 PM,10:11,McRoberts Lost Ball Turnover (P1.T1),,Varejao STEAL (1 STL),,,4,201177,Josh McRoberts,1610612766.0,Charlotte,Bobcats,CHA,5,2760,Anderson Varejao,1610612739.0,Cleveland,Cavaliers,CLE,0,0,,,,,,0
0011300104,21,1,5,1,7:14 PM,10:04,,,Thompson 2' Layup (4 PTS) (Varejao 1 AST),4 - 2,-2,5,202684,Tristan Thompson,1610612739.0,Cleveland,Cavaliers,CLE,5,2760,Anderson Varejao,1610612739.0,Cleveland,Cavaliers,CLE,0,0,,,,,,0
0011300104,22,6,2,1,7:15 PM,9:49,,,Varejao S.FOUL (P1.T3),,,5,2760,Anderson Varejao,1610612739.0,Cleveland,Cavaliers,CLE,4,201177,Josh McRoberts,1610612766.0,Charlotte,Bobcats,CHA,1,0,,,,,,0
0011300104,23,3,11,1,7:15 PM,9:49,Kidd-Gilchrist Free Throw 1 of 2 (1 PTS),,,4 - 3,-1,4,203077,Michael Kidd-Gilchrist,1610612766.0,Charlotte,Bobcats,CHA,0,0,,,,,,0,0,,,,,,0
0011300104,25,3,12,1,7:15 PM,9:49,Kidd-Gilchrist Free Throw 2 of 2 (2 PTS),,,4 - 4,TIE,4,203077,Michael Kidd-Gilchrist,1610612766.0,Charlotte,Bobcats,CHA,0,0,,,,,,0,0,,,,,,0
0011300104,27,6,1,1,7:15 PM,9:41,Henderson P.FOUL (P1.T2),,,,,4,201945,Gerald Henderson,1610612766.0,Charlotte,Bobcats,CHA,5,203079,Dion Waiters,1610612739.0,Cleveland,Cavaliers,CLE,1,0,,,,,,0
0011300104,28,1,46,1,7:16 PM,9:33,,,Clark 5' Running Jump Shot (2 PTS) (Thompson 1 AST),6 - 4,-2,5,201947,Earl Clark,1610612739.0,Cleveland,Cavaliers,CLE,5,202684,Tristan Thompson,1610612739.0,Cleveland,Cavaliers,CLE,0,0,,,,,,0
0011300104,29,2,1,1,7:16 PM,9:18,MISS McRoberts 25' 3PT Jump Shot,,,,,4,201177,Josh McRoberts,1610612766.0,Charlotte,Bobcats,CHA,0,0,,,,,,0,0,,,,,,0
0011300104,30,4,0,1,7:16 PM,9:17,,,Waiters REBOUND (Off:0 Def:1),,,5,203079,Dion Waiters,1610612739.0,Cleveland,Cavaliers,CLE,0,0,,,,,,0,0,,,,,,0
0011300104,31,1,1,1,7:16 PM,9:10,,,Waiters 19' Jump Shot (2 PTS),8 - 4,-4,5,203079,Dion Waiters,1610612739.0,Cleveland,Cavaliers,CLE,0,0,,,,,,0,0,,,,,,0
0011300104,32,2,63,1,7:16 PM,8:48,MISS Henderson 8' Fadeaway Jumper,,,,,4,201945,Gerald Henderson,1610612766.0,Charlotte,Bobcats,CHA,0,0,,,,,,0,0,,,,,,0
0011300104,33,4,0,1,7:17 PM,8:45,Biyombo REBOUND (Off:1 Def:0),,,,,4,202687,Bismack Biyombo,1610612766.0,Charlotte,Bobcats,CHA,0,0,,,,,,0,0,,,,,,0
0011300104,34,7,5,1,7:17 PM,8:43,,,Varejao Violation:Kicked Ball,,,5,2760,Anderson Varejao,1610612739.0,Cleveland,Cavaliers,CLE,0,0,,,,,,1,0,,,,,,0
0011300104,35,1,77,1,7:17 PM,8:37,Walker 13' Driving Jump Shot (2 PTS),,,8 - 6,-2,4,202689,Kemba Walker,1610612766.0,Charlotte,Bobcats,CHA,0,0,,,,,,0,0,,,,,,0
0011300104,36,2,1,1,7:17 PM,8:23,,,MISS Irving 25' 3PT Jump Shot,,,5,202681,Kyrie Irving,1610612739.0,Cleveland,Cavaliers,CLE,0,0,,,,,,0,0,,,,,,0
0011300104,37,4,0,1,7:17 PM,8:23,BOBCATS Rebound,,,,,2,1610612766,,,,,,0,0,,,,,,0,0,,,,,,0
0011300104,38,2,1,1,7:18 PM,8:10,MISS Henderson 7' Jump Shot,,Waiters BLOCK (1 BLK),,,4,201945,Gerald Henderson,1610612766.0,Charlotte,Bobcats,CHA,0,0,,,,,,5,203079,Dion Waiters,1610612739.0,Cleveland,Cavaliers,CLE,0
0011300104,39,4,0,1,7:18 PM,8:07,Henderson REBOUND (Off:1 Def:0),,,,,4,201945,Gerald Henderson,1610612766.0,Charlotte,Bobcats,CHA,0,0,,,,,,0,0,,,,,,0
0011300104,40,6,2,1,7:18 PM,8:07,,,Waiters S.FOUL (P1.T4),,,5,203079,Dion Waiters,1610612739.0,Cleveland,Cavaliers,CLE,4,201945,Gerald Henderson,1610612766.0,Charlotte,Bobcats,CHA,1,0,,,,,,0
0011300104,41,3,11,1,7:18 PM,8:07,MISS Henderson Free Throw 1 of 2,,,,,4,201945,Gerald Henderson,1610612766.0,Charlotte,Bobcats,CHA,0,0,,,,,,0,0,,,,,,0
0011300104,42,4,1,1,7:18 PM,8:07,BOBCATS Rebound,,,,,2,1610612766,,,,,,0,0,,,,,,0,0,,,,,,0
0011300104,43,3,12,1,7:18 PM,8:07,Henderson Free Throw 2 of 2 (3 PTS),,,8 - 7,-1,4,201945,Gerald Henderson,1610612766.0,Charlotte,Bobcats,CHA,0,0,,,,,,0,0,,,,,,0
0011300104,45,1,79,1,7:19 PM,7:50,,,Waiters 11' Pullup Jump Shot (4 PTS),10 - 7,-3,5,203079,Dion Waiters,1610612739.0,Cleveland,Cavaliers,CLE,0,0,,,,,,0,0,,,,,,0
0011300104,46,1,5,1,7:19 PM,7:30,Kidd-Gilchrist 1' Layup (4 PTS) (McRoberts 1 AST),,,10 - 9,-1,4,203077,Michael Kidd-Gilchrist,1610612766.0,Charlotte,Bobcats,CHA,4,201177,Josh McRoberts,1610612766.0,Charlotte,Bobcats,CHA,0,0,,,,,,0
0011300104,47,5,1,1,7:19 PM,7:18,,,Varejao Bad Pass Turnover (P1.T3),,,5,2760,Anderson Varejao,1610612739.0,Cleveland,Cavaliers,CLE,0,0,,,,,,0,0,,,,,,0
0011300104,48,2,5,1,7:20 PM,7:02,MISS Henderson 1' Layup,,,,,4,201945,Gerald Henderson,1610612766.0,Charlotte,Bobcats,CHA,0,0,,,,,,0,0,,,,,,0
0011300104,49,4,0,1,7:20 PM,7:01,,,Waiters REBOUND (Off:0 Def:2),,,5,203079,Dion Waiters,1610612739.0,Cleveland,Cavaliers,CLE,0,0,,,,,,0,0,,,,,,0
0011300104,50,2,1,1,7:20 PM,6:44,,,MISS Waiters 25' 3PT Jump Shot,,,5,203079,Dion Waiters,1610612739.0,Cleveland,Cavaliers,CLE,0,0,,,,,,0,0,,,,,,0
0011300104,51,4,0,1,7:20 PM,6:43,Kidd-Gilchrist REBOUND (Off:0 Def:1),,,,,4,203077,Michael Kidd-Gilchrist,1610612766.0,Charlotte,Bobcats,CHA,0,0,,,,,,0,0,,,,,,0
0011300104,52,10,0,1,7:21 PM,6:32,Jump Ball McRoberts vs. Clark: Tip to Henderson,,,,,4,201177,Josh McRoberts,1610612766.0,Charlotte,Bobcats,CHA,5,201947,Earl Clark,1610612739.0,Cleveland,Cavaliers,CLE,4,201945,Gerald Henderson,1610612766.0,Charlotte,Bobcats,CHA,0
0011300104,53,6,1,1,7:21 PM,6:24,,,Waiters P.FOUL (P2.PN),,,5,203079,Dion Waiters,1610612739.0,Cleveland,Cavaliers,CLE,4,201945,Gerald Henderson,1610612766.0,Charlotte,Bobcats,CHA,1,0,,,,,,0
0011300104,54,3,11,1,7:21 PM,6:24,Henderson Free Throw 1 of 2 (4 PTS),,,10 - 10,TIE,4,201945,Gerald Henderson,1610612766.0,Charlotte,Bobcats,CHA,0,0,,,,,,0,0,,,,,,0
0011300104,56,3,12,1,7:21 PM,6:24,MISS Henderson Free Throw 2 of 2,,,,,4,201945,Gerald Henderson,1610612766.0,Charlotte,Bobcats,CHA,0,0,,,,,,0,0,,,,,,0
0011300104,58,4,0,1,7:22 PM,6:22,,,Varejao REBOUND (Off:0 Def:2),,,5,2760,Anderson Varejao,1610612739.0,Cleveland,Cavaliers,CLE,0,0,,,,,,0,0,,,,,,0
0011300104,59,5,21,1,7:22 PM,6:04,,,Waiters Palming Turnover (P2.T4),,,5,203079,Dion Waiters,1610612739.0,Cleveland,Cavaliers,CLE,0,0,,,,,,1,0,,,,,,0
0011300104,60,1,7,1,7:22 PM,5:45,McRoberts 1' Dunk (2 PTS) (Biyombo 1 AST),,,10 - 12,2,4,201177,Josh McRoberts,1610612766.0,Charlotte,Bobcats,CHA,4,202687,Bismack Biyombo,1610612766.0,Charlotte,Bobcats,CHA,0,0,,,,,,0
0011300104,61,6,2,1,7:23 PM,5:29,Kidd-Gilchrist S.FOUL (P1.T3),,,,,4,203077,Michael Kidd-Gilchrist,1610612766.0,Charlotte,Bobcats,CHA,5,202681,Kyrie Irving,1610612739.0,Cleveland,Cavaliers,CLE,1,0,,,,,,0
0011300104,62,9,1,1,7:23 PM,5:29,BOBCATS Timeout: Regular (Full 1 Short 0),,,,,2,1610612766,,,,,,0,0,,,,,,0,0,,,,,,0
0011300104,65,8,0,1,7:25 PM,5:29,SUB: Taylor FOR Kidd-Gilchrist,,,,,4,203077,Michael Kidd-Gilchrist,1610612766.0,Charlotte,Bobcats,CHA,4,203106,Jeffery Taylor,1610612766.0,Charlotte,Bobcats,CHA,0,0,,,,,,0
0011300104,66,8,0,1,7:25 PM,5:29,SUB: Zeller FOR McRoberts,,,,,4,201177,Josh McRoberts,1610612766.0,Charlotte,Bobcats,CHA,4,203469,Cody Zeller,1610612766.0,Charlotte,Bobcats,CHA,0,0,,,,,,0
0011300104,67,3,11,1,7:25 PM,5:29,,,Irving Free Throw 1 of 2 (1 PTS),11 - 12,1,5,202681,Kyrie Irving,1610612739.0,Cleveland,Cavaliers,CLE,0,0,,,,,,0,0,,,,,,0
0011300104,69,3,12,1,7:26 PM,5:29,,,Irving Free Throw 2 of 2 (2 PTS),12 - 12,TIE,5,202681,Kyrie Irving,1610612739.0,Cleveland,Cavaliers,CLE,0,0,,,,,,0,0,,,,,,0
0011300104,71,1,1,1,7:26 PM,5:12,Henderson 15' Jump Shot (6 PTS),,,12 - 14,2,4,201945,Gerald Henderson,1610612766.0,Charlotte,Bobcats,CHA,0,0,,,,,,0,0,,,,,,0
0011300104,72,2,1,1,7:26 PM,4:54,,,MISS Irving 17' Jump Shot,,,5,202681,Kyrie Irving,1610612739.0,Cleveland,Cavaliers,CLE,0,0,,,,,,0,0,,,,,,0
0011300104,73,4,0,1,7:26 PM,4:51,Henderson REBOUND (Off:1 Def:1),,,,,4,201945,Gerald Henderson,1610612766.0,Charlotte,Bobcats,CHA,0,0,,,,,,0,0,,,,,,0
0011300104,74,1,66,1,7:26 PM,4:41,Zeller 19' Jump Bank Shot (2 PTS) (Walker 1 AST),,,12 - 16,4,4,203469,Cody Zeller,1610612766.0,Charlotte,Bobcats,CHA,4,202689,Kemba Walker,1610612766.0,Charlotte,Bobcats,CHA,0,0,,,,,,0
0011300104,75,2,1,1,7:27 PM,4:28,,,MISS Thompson 5' Jump Shot,,,5,202684,Tristan Thompson,1610612739.0,Cleveland,Cavaliers,CLE,0,0,,,,,,0,0,,,,,,0
0011300104,77,4,0,1,7:27 PM,4:28,,,Thompson REBOUND (Off:2 Def:0),,,5,202684,Tristan Thompson,1610612739.0,Cleveland,Cavaliers,CLE,0,0,,,,,,0,0,,,,,,0
0011300104,76,1,5,1,7:27 PM,4:28,,,Thompson 1' Layup (6 PTS),14 - 16,2,5,202684,Tristan Thompson,1610612739.0,Cleveland,Cavaliers,CLE,0,0,,,,,,0,0,,,,,,0
0011300104,78,6,2,1,7:27 PM,4:28,Zeller S.FOUL (P1.T4),,,,,4,203469,Cody Zeller,1610612766.0,Charlotte,Bobcats,CHA,5,202684,Tristan Thompson,1610612739.0,Cleveland,Cavaliers,CLE,1,0,,,,,,0
0011300104,79,8,0,1,7:27 PM,4:28,,,SUB: Jack FOR Waiters,,,5,203079,Dion Waiters,1610612739.0,Cleveland,Cavaliers,CLE,5,101127,Jarrett Jack,1610612739.0,Cleveland,Cavaliers,CLE,0,0,,,,,,0
0011300104,80,3,10,1,7:27 PM,4:28,,,Thompson Free Throw 1 of 1 (7 PTS),15 - 16,1,5,202684,Tristan Thompson,1610612739.0,Cleveland,Cavaliers,CLE,0,0,,,,,,0,0,,,,,,0
0011300104,82,2,5,1,7:27 PM,4:12,MISS Zeller 2' Layup,,,,,4,203469,Cody Zeller,1610612766.0,Charlotte,Bobcats,CHA,0,0,,,,,,0,0,,,,,,0
0011300104,83,4,0,1,7:27 PM,4:11,Biyombo REBOUND (Off:2 Def:0),,,,,4,202687,Bismack Biyombo,1610612766.0,Charlotte,Bobcats,CHA,0,0,,,,,,0,0,,,,,,0
0011300104,84,2,5,1,7:28 PM,4:08,MISS Biyombo 2' Layup,,,,,4,202687,Bismack Biyombo,1610612766.0,Charlotte,Bobcats,CHA,0,0,,,,,,0,0,,,,,,0
0011300104,85,4,0,1,7:28 PM,4:07,,,Varejao REBOUND (Off:0 Def:3),,,5,2760,Anderson Varejao,1610612739.0,Cleveland,Cavaliers,CLE,0,0,,,,,,0,0,,,,,,0
0011300104,86,2,5,1,7:28 PM,3:42,,,MISS Jack 2' Layup,,,5,101127,Jarrett Jack,1610612739.0,Cleveland,Cavaliers,CLE,0,0,,,,,,0,0,,,,,,0
0011300104,88,4,0,1,7:28 PM,3:41,,,Varejao REBOUND (Off:1 Def:3),,,5,2760,Anderson Varejao,1610612739.0,Cleveland,Cavaliers,CLE,0,0,,,,,,0,0,,,,,,0
0011300104,87,1,5,1,7:28 PM,3:41,,,Varejao 1' Layup (2 PTS),17 - 16,-1,5,2760,Anderson Varejao,1610612739.0,Cleveland,Cavaliers,CLE,0,0,,,,,,0,0,,,,,,0
0011300104,89,1,5,1,7:28 PM,3:28,Taylor 2' Layup (2 PTS) (Zeller 1 AST),,,17 - 18,1,4,203106,Jeffery Taylor,1610612766.0,Charlotte,Bobcats,CHA,4,203469,Cody Zeller,1610612766.0,Charlotte,Bobcats,CHA,0,0,,,,,,0
0011300104,90,5,1,1,7:28 PM,3:22,Walker STEAL (1 STL),,Varejao Bad Pass Turnover (P2.T5),,,5,2760,Anderson Varejao,1610612739.0,Cleveland,Cavaliers,CLE,4,202689,Kemba Walker,1610612766.0,Charlotte,Bobcats,CHA,0,0,,,,,,0
0011300104,91,6,2,1,7:28 PM,3:22,,,Varejao S.FOUL (P2.PN),,,5,2760,Anderson Varejao,1610612739.0,Cleveland,Cavaliers,CLE,4,203106,Jeffery Taylor,1610612766.0,Charlotte,Bobcats,CHA,1,0,,,,,,0
0011300104,92,3,11,1,7:29 PM,3:22,MISS Taylor Free Throw 1 of 2,,,,,4,203106,Jeffery Taylor,1610612766.0,Charlotte,Bobcats,CHA,0,0,,,,,,0,0,,,,,,0
0011300104,93,4,1,1,7:29 PM,3:22,BOBCATS Rebound,,,,,2,1610612766,,,,,,0,0,,,,,,0,0,,,,,,0
0011300104,94,8,0,1,7:29 PM,3:22,,,SUB: Bennett FOR Thompson,,,5,202684,Tristan Thompson,1610612739.0,Cleveland,Cavaliers,CLE,5,203461,Anthony Bennett,1610612739.0,Cleveland,Cavaliers,CLE,0,0,,,,,,0
0011300104,95,8,0,1,7:29 PM,3:22,SUB: Sessions FOR Walker,,,,,4,202689,Kemba Walker,1610612766.0,Charlotte,Bobcats,CHA,4,201196,Ramon Sessions,1610612766.0,Charlotte,Bobcats,CHA,0,0,,,,,,0
0011300104,96,3,12,1,7:29 PM,3:22,Taylor Free Throw 2 of 2 (3 PTS),,,17 - 19,2,4,203106,Jeffery Taylor,1610612766.0,Charlotte,Bobcats,CHA,0,0,,,,,,0,0,,,,,,0
0011300104,98,2,1,1,7:29 PM,3:01,,,MISS Clark 19' Jump Shot,,,5,201947,Earl Clark,1610612739.0,Cleveland,Cavaliers,CLE,0,0,,,,,,0,0,,,,,,0
0011300104,99,4,0,1,7:30 PM,2:58,Sessions REBOUND (Off:0 Def:1),,,,,4,201196,Ramon Sessions,1610612766.0,Charlotte,Bobcats,CHA,0,0,,,,,,0,0,,,,,,0
0011300104,100,5,2,1,7:30 PM,2:54,Sessions Lost Ball Turnover (P1.T2),,Irving STEAL (1 STL),,,4,201196,Ramon Sessions,1610612766.0,Charlotte,Bobcats,CHA,5,202681,Kyrie Irving,1610612739.0,Cleveland,Cavaliers,CLE,0,0,,,,,,0
0011300104,101,1,5,1,7:30 PM,2:50,,,Irving 1' Layup (4 PTS),19 - 19,TIE,5,202681,Kyrie Irving,1610612739.0,Cleveland,Cavaliers,CLE,0,0,,,,,,0,0,,,,,,0
0011300104,103,2,1,1,7:30 PM,2:33,MISS Zeller 18' Jump Shot,,,,,4,203469,Cody Zeller,1610612766.0,Charlotte,Bobcats,CHA,0,0,,,,,,0,0,,,,,,0
0011300104,104,4,0,1,7:30 PM,2:32,,,Irving REBOUND (Off:0 Def:1),,,5,202681,Kyrie Irving,1610612739.0,Cleveland,Cavaliers,CLE,0,0,,,,,,0,0,,,,,,0
0011300104,105,1,1,1,7:30 PM,2:23,,,Varejao 17' Jump Shot (4 PTS) (Irving 1 AST),21 - 19,-2,5,2760,Anderson Varejao,1610612739.0,Cleveland,Cavaliers,CLE,5,202681,Kyrie Irving,1610612739.0,Cleveland,Cavaliers,CLE,0,0,,,,,,0
0011300104,107,9,2,1,7:30 PM,2:16,BOBCATS Timeout: Short (Full 1 Short 1),,,,,2,1610612766,,,,,,0,0,,,,,,0,0,,,,,,0
0011300104,109,9,1,1,7:32 PM,2:16,,,Cavaliers Timeout: Regular (Reg.1 Short 0),,,3,1610612739,,,,,,0,0,,,,,,0,0,,,,,,0
0011300104,111,8,0,1,7:33 PM,2:16,SUB: McRoberts FOR Biyombo,,,,,4,202687,Bismack Biyombo,1610612766.0,Charlotte,Bobcats,CHA,4,201177,Josh McRoberts,1610612766.0,Charlotte,Bobcats,CHA,0,0,,,,,,0
0011300104,112,8,0,1,7:33 PM,2:16,SUB: Kidd-Gilchrist FOR Henderson,,,,,4,201945,Gerald Henderson,1610612766.0,Charlotte,Bobcats,CHA,4,203077,Michael Kidd-Gilchrist,1610612766.0,Charlotte,Bobcats,CHA,0,0,,,,,,0
0011300104,113,2,1,1,7:33 PM,2:05,MISS Taylor  3PT Jump Shot,,,,,4,203106,Jeffery Taylor,1610612766.0,Charlotte,Bobcats,CHA,0,0,,,,,,0,0,,,,,,0
0011300104,114,4,0,1,7:33 PM,2:04,McRoberts REBOUND (Off:1 Def:0),,,,,4,201177,Josh McRoberts,1610612766.0,Charlotte,Bobcats,CHA,0,0,,,,,,0,0,,,,,,0
0011300104,115,2,5,1,7:33 PM,2:00,MISS Sessions 1' Layup,,,,,4,201196,Ramon Sessions,1610612766.0,Charlotte,Bobcats,CHA,0,0,,,,,,0,0,,,,,,0
0011300104,116,4,0,1,7:33 PM,2:00,BOBCATS Rebound,,,,,2,1610612766,,,,,,0,0,,,,,,0,0,,,,,,0
0011300104,117,6,3,1,7:33 PM,2:00,,,Clark L.B.FOUL (P2.PN),,,5,201947,Earl Clark,1610612739.0,Cleveland,Cavaliers,CLE,4,203469,Cody Zeller,1610612766.0,Charlotte,Bobcats,CHA,1,0,,,,,,0
0011300104,118,3,11,1,7:33 PM,2:00,Zeller Free Throw 1 of 2 (3 PTS),,,21 - 20,-1,4,203469,Cody Zeller,1610612766.0,Charlotte,Bobcats,CHA,0,0,,,,,,0,0,,,,,,0
0011300104,120,3,12,1,7:34 PM,2:00,Zeller Free Throw 2 of 2 (4 PTS),,,21 - 21,TIE,4,203469,Cody Zeller,1610612766.0,Charlotte,Bobcats,CHA,0,0,,,,,,0,0,,,,,,0
0011300104,122,2,1,1,7:34 PM,1:44,,,MISS Clark 20' Jump Shot,,,5,201947,Earl Clark,1610612739.0,Cleveland,Cavaliers,CLE,0,0,,,,,,0,0,,,,,,0
0011300104,123,4,0,1,7:34 PM,1:43,Sessions REBOUND (Off:0 Def:2),,,,,4,201196,Ramon Sessions,1610612766.0,Charlotte,Bobcats,CHA,0,0,,,,,,0,0,,,,,,0
0011300104,124,1,58,1,7:34 PM,1:32,Kidd-Gilchrist 6' Turnaround Hook Shot (6 PTS),,,21 - 23,2,4,203077,Michael Kidd-Gilchrist,1610612766.0,Charlotte,Bobcats,CHA,0,0,,,,,,0,0,,,,,,0
0011300104,125,1,1,1,7:34 PM,1:19,,,Clark 19' Jump Shot (4 PTS) (Jack 1 AST),23 - 23,TIE,5,201947,Earl Clark,1610612739.0,Cleveland,Cavaliers,CLE,5,101127,Jarrett Jack,1610612739.0,Cleveland,Cavaliers,CLE,0,0,,,,,,0
0011300104,126,1,5,1,7:35 PM,1:06,Zeller 2' Layup (6 PTS) (Sessions 1 AST),,,23 - 25,2,4,203469,Cody Zeller,1610612766.0,Charlotte,Bobcats,CHA,4,201196,Ramon Sessions,1610612766.0,Charlotte,Bobcats,CHA,0,0,,,,,,0
0011300104,127,6,2,1,7:35 PM,1:06,,,Bennett S.FOUL (P1.PN),,,5,203461,Anthony Bennett,1610612739.0,Cleveland,Cavaliers,CLE,4,203469,Cody Zeller,1610612766.0,Charlotte,Bobcats,CHA,1,0,,,,,,0
0011300104,128,8,0,1,7:35 PM,1:06,,,SUB: Sims FOR Clark,,,5,201947,Earl Clark,1610612739.0,Cleveland,Cavaliers,CLE,5,203156,Henry Sims,1610612739.0,Cleveland,Cavaliers,CLE,0,0,,,,,,0
0011300104,129,8,0,1,7:35 PM,1:06,,,SUB: Taylor FOR Varejao,,,5,2760,Anderson Varejao,1610612739.0,Cleveland,Cavaliers,CLE,5,201966,Jermaine Taylor,1610612739.0,Cleveland,Cavaliers,CLE,0,0,,,,,,0
0011300104,130,8,0,1,7:35 PM,1:06,,,SUB: Dellavedova FOR Irving,,,5,202681,Kyrie Irving,1610612739.0,Cleveland,Cavaliers,CLE,5,203521,Matthew Dellavedova,1610612739.0,Cleveland,Cavaliers,CLE,0,0,,,,,,0
0011300104,131,3,10,1,7:35 PM,1:06,MISS Zeller Free Throw 1 of 1,,,,,4,203469,Cody Zeller,1610612766.0,Charlotte,Bobcats,CHA,0,0,,,,,,0,0,,,,,,0
0011300104,133,4,0,1,7:35 PM,0:58,,,Sims REBOUND (Off:0 Def:1),,,5,203156,Henry Sims,1610612739.0,Cleveland,Cavaliers,CLE,0,0,,,,,,0,0,,,,,,0
0011300104,134,2,5,1,7:35 PM,0:51,McRoberts BLOCK (1 BLK),,MISS Sims 1' Layup,,,5,203156,Henry Sims,1610612739.0,Cleveland,Cavaliers,CLE,0,0,,,,,,4,201177,Josh McRoberts,1610612766.0,Charlotte,Bobcats,CHA,0
0011300104,135,4,0,1,7:35 PM,0:49,,,Dellavedova REBOUND (Off:1 Def:0),,,5,203521,Matthew Dellavedova,1610612739.0,Cleveland,Cavaliers,CLE,0,0,,,,,,0,0,,,,,,0
0011300104,136,2,5,1,7:35 PM,0:45,McRoberts BLOCK (2 BLK),,MISS Bennett 1' Layup,,,5,203461,Anthony Bennett,1610612739.0,Cleveland,Cavaliers,CLE,0,0,,,,,,4,201177,Josh McRoberts,1610612766.0,Charlotte,Bobcats,CHA,0
0011300104,138,4,0,1,7:35 PM,0:44,,,Sims REBOUND (Off:1 Def:1),,,5,203156,Henry Sims,1610612739.0,Cleveland,Cavaliers,CLE,0,0,,,,,,0,0,,,,,,0
0011300104,137,1,5,1,7:35 PM,0:44,,,Sims 2' Layup (2 PTS),25 - 25,TIE,5,203156,Henry Sims,1610612739.0,Cleveland,Cavaliers,CLE,0,0,,,,,,0,0,,,,,,0
0011300104,139,1,5,1,7:36 PM,0:40,Sessions 2' Layup (2 PTS),,,25 - 27,2,4,201196,Ramon Sessions,1610612766.0,Charlotte,Bobcats,CHA,0,0,,,,,,0,0,,,,,,0
0011300104,140,6,2,1,7:36 PM,0:40,,,Dellavedova S.FOUL (P1.PN),,,5,203521,Matthew Dellavedova,1610612739.0,Cleveland,Cavaliers,CLE,4,201196,Ramon Sessions,1610612766.0,Charlotte,Bobcats,CHA,1,0,,,,,,0
0011300104,141,3,10,1,7:36 PM,0:40,Sessions Free Throw 1 of 1 (3 PTS),,,25 - 28,3,4,201196,Ramon Sessions,1610612766.0,Charlotte,Bobcats,CHA,0,0,,,,,,0,0,,,,,,0
0011300104,143,5,1,1,7:36 PM,0:27,,,Jack Bad Pass Turnover (P1.T6),,,5,101127,Jarrett Jack,1610612739.0,Cleveland,Cavaliers,CLE,0,0,,,,,,0,0,,,,,,0
0011300104,144,2,42,1,7:37 PM,0:07,MISS Sessions 1' Driving Layup,,,,,4,201196,Ramon Sessions,1610612766.0,Charlotte,Bobcats,CHA,0,0,,,,,,0,0,,,,,,0
0011300104,145,4,0,1,7:37 PM,0:07,BOBCATS Rebound,,,,,2,1610612766,,,,,,0,0,,,,,,0,0,,,,,,0
0011300104,146,6,1,1,7:37 PM,0:05,,,Bennett P.FOUL (P2.PN),,,5,203461,Anthony Bennett,1610612739.0,Cleveland,Cavaliers,CLE,4,201196,Ramon Sessions,1610612766.0,Charlotte,Bobcats,CHA,1,0,,,,,,0
0011300104,147,3,11,1,7:37 PM,0:05,Sessions Free Throw 1 of 2 (4 PTS),,,25 - 29,4,4,201196,Ramon Sessions,1610612766.0,Charlotte,Bobcats,CHA,0,0,,,,,,0,0,,,,,,0
0011300104,149,3,12,1,7:38 PM,0:05,MISS Sessions Free Throw 2 of 2,,,,,4,201196,Ramon Sessions,1610612766.0,Charlotte,Bobcats,CHA,0,0,,,,,,0,0,,,,,,0
0011300104,151,4,0,1,7:38 PM,0:04,,,Bennett REBOUND (Off:0 Def:1),,,5,203461,Anthony Bennett,1610612739.0,Cleveland,Cavaliers,CLE,0,0,,,,,,0,0,,,,,,0
0011300104,152,2,1,1,7:38 PM,0:00,,,MISS Jack 28' 3PT Jump Shot,,,5,101127,Jarrett Jack,1610612739.0,Cleveland,Cavaliers,CLE,0,0,,,,,,0,0,,,,,,0
0011300104,154,4,0,1,7:38 PM,0:00,,,Cavaliers Rebound,,,3,1610612739,,,,,,0,0,,,,,,0,0,,,,,,0
0011300104,153,13,0,1,7:38 PM,0:00,,End of 1st Period (7:38 PM EST),,25 - 29,4,0,0,,,,,,0,0,,,,,,0,0,,,,,,0
0011300104,156,12,0,2,7:40 PM,12:00,,Start of 2nd Period (7:40 PM EST),,25 - 29,4,0,0,,,,,,0,0,,,,,,0,0,,,,,,0
0011300104,157,2,1,2,7:41 PM,11:46,MISS McRoberts 19' Jump Shot,,,,,4,201177,Josh McRoberts,1610612766.0,Charlotte,Bobcats,CHA,0,0,,,,,,0,0,,,,,,0
0011300104,158,4,0,2,7:41 PM,11:44,,,Sims REBOUND (Off:1 Def:2),,,5,203156,Henry Sims,1610612739.0,Cleveland,Cavaliers,CLE,0,0,,,,,,0,0,,,,,,0
0011300104,159,1,1,2,7:41 PM,11:28,,,Bennett 19' Jump Shot (2 PTS) (Taylor 1 AST),27 - 29,2,5,203461,Anthony Bennett,1610612739.0,Cleveland,Cavaliers,CLE,5,201966,Jermaine Taylor,1610612739.0,Cleveland,Cavaliers,CLE,0,0,,,,,,0
0011300104,160,5,4,2,7:41 PM,11:03,Zeller Traveling Turnover (P1.T3),,,,,4,203469,Cody Zeller,1610612766.0,Charlotte,Bobcats,CHA,0,0,,,,,,1,0,,,,,,0
0011300104,161,2,1,2,7:42 PM,10:48,,,MISS Sims 16' Jump Shot,,,5,203156,Henry Sims,1610612739.0,Cleveland,Cavaliers,CLE,0,0,,,,,,0,0,,,,,,0
0011300104,162,4,0,2,7:42 PM,10:47,Kidd-Gilchrist REBOUND (Off:0 Def:2),,,,,4,203077,Michael Kidd-Gilchrist,1610612766.0,Charlotte,Bobcats,CHA,0,0,,,,,,0,0,,,,,,0
0011300104,163,1,1,2,7:42 PM,10:36,Taylor  3PT Jump Shot (6 PTS) (McRoberts 2 AST),,,27 - 32,5,4,203106,Jeffery Taylor,1610612766.0,Charlotte,Bobcats,CHA,4,201177,Josh McRoberts,1610612766.0,Charlotte,Bobcats,CHA,0,0,,,,,,0
0011300104,164,1,1,2,7:42 PM,10:23,,,Bennett 25' 3PT Jump Shot (5 PTS) (Dellavedova 1 AST),30 - 32,2,5,203461,Anthony Bennett,1610612739.0,Cleveland,Cavaliers,CLE,5,203521,Matthew Dellavedova,1610612739.0,Cleveland,Cavaliers,CLE,0,0,,,,,,0
0011300104,165,1,5,2,7:42 PM,10:08,McRoberts 2' Layup (4 PTS) (Kidd-Gilchrist 2 AST),,,30 - 34,4,4,201177,Josh McRoberts,1610612766.0,Charlotte,Bobcats,CHA,4,203077,Michael Kidd-Gilchrist,1610612766.0,Charlotte,Bobcats,CHA,0,0,,,,,,0
0011300104,166,6,2,2,7:42 PM,10:08,,,Bennett S.FOUL (P3.T1),,,5,203461,Anthony Bennett,1610612739.0,Cleveland,Cavaliers,CLE,4,201177,Josh McRoberts,1610612766.0,Charlotte,Bobcats,CHA,1,0,,,,,,0
0011300104,167,3,10,2,7:43 PM,10:08,McRoberts Free Throw 1 of 1 (5 PTS),,,30 - 35,5,4,201177,Josh McRoberts,1610612766.0,Charlotte,Bobcats,CHA,0,0,,,,,,0,0,,,,,,0
0011300104,169,6,4,2,7:43 PM,9:57,,,Sims OFF.Foul (P1),,,5,203156,Henry Sims,1610612739.0,Cleveland,Cavaliers,CLE,4,203106,Jeffery Taylor,1610612766.0,Charlotte,Bobcats,CHA,1,0,,,,,,0
0011300104,170,5,5,2,7:43 PM,9:57,,,Sims Foul Turnover (P1.T7),,,5,203156,Henry Sims,1610612739.0,Cleveland,Cavaliers,CLE,0,0,,,,,,1,0,,,,,,0
0011300104,171,2,44,2,7:44 PM,9:42,MISS Sessions 2' Reverse Layup,,,,,4,201196,Ramon Sessions,1610612766.0,Charlotte,Bobcats,CHA,0,0,,,,,,0,0,,,,,,0
0011300104,172,4,0,2,7:44 PM,9:41,,,Dellavedova REBOUND (Off:1 Def:1),,,5,203521,Matthew Dellavedova,1610612739.0,Cleveland,Cavaliers,CLE,0,0,,,,,,0,0,,,,,,0
0011300104,173,2,5,2,7:44 PM,9:33,Kidd-Gilchrist BLOCK (1 BLK),,MISS Dellavedova 2' Layup,,,5,203521,Matthew Dellavedova,1610612739.0,Cleveland,Cavaliers,CLE,0,0,,,,,,4,203077,Michael Kidd-Gilchrist,1610612766.0,Charlotte,Bobcats,CHA,0
0011300104,174,4,0,2,7:44 PM,9:31,,,Jack REBOUND (Off:1 Def:0),,,5,101127,Jarrett Jack,1610612739.0,Cleveland,Cavaliers,CLE,0,0,,,,,,0,0,,,,,,0
0011300104,175,1,5,2,7:44 PM,9:27,,,Sims 2' Layup (4 PTS) (Jack 2 AST),32 - 35,3,5,203156,Henry Sims,1610612739.0,Cleveland,Cavaliers,CLE,5,101127,Jarrett Jack,1610612739.0,Cleveland,Cavaliers,CLE,0,0,,,,,,0
0011300104,176,2,5,2,7:44 PM,9:15,MISS Kidd-Gilchrist 1' Layup,,,,,4,203077,Michael Kidd-Gilchrist,1610612766.0,Charlotte,Bobcats,CHA,0,0,,,,,,0,0,,,,,,0
0011300104,177,4,0,2,7:44 PM,9:13,,,Sims REBOUND (Off:1 Def:3),,,5,203156,Henry Sims,1610612739.0,Cleveland,Cavaliers,CLE,0,0,,,,,,0,0,,,,,,0
0011300104,178,6,1,2,7:44 PM,9:07,Zeller P.FOUL (P2.T1),,,,,4,203469,Cody Zeller,1610612766.0,Charlotte,Bobcats,CHA,5,203156,Henry Sims,1610612739.0,Cleveland,Cavaliers,CLE,1,0,,,,,,0
0011300104,179,3,11,2,7:45 PM,9:07,,,Sims Free Throw 1 of 2 (5 PTS),33 - 35,2,5,203156,Henry Sims,1610612739.0,Cleveland,Cavaliers,CLE,0,0,,,,,,0,0,,,,,,0
0011300104,181,3,12,2,7:45 PM,9:07,,,Sims Free Throw 2 of 2 (6 PTS),34 - 35,1,5,203156,Henry Sims,1610612739.0,Cleveland,Cavaliers,CLE,0,0,,,,,,0,0,,,,,,0
0011300104,183,2,5,2,7:45 PM,8:53,MISS Sessions 2' Layup,,,,,4,201196,Ramon Sessions,1610612766.0,Charlotte,Bobcats,CHA,0,0,,,,,,0,0,,,,,,0
0011300104,184,4,0,2,7:45 PM,8:51,,,Sims REBOUND (Off:1 Def:4),,,5,203156,Henry Sims,1610612739.0,Cleveland,Cavaliers,CLE,0,0,,,,,,0,0,,,,,,0
0011300104,185,1,1,2,7:45 PM,8:45,,,Jack 16' Jump Shot (2 PTS),36 - 35,-1,5,101127,Jarrett Jack,1610612739.0,Cleveland,Cavaliers,CLE,0,0,,,,,,0,0,,,,,,0
0011300104,186,9,1,2,7:45 PM,8:38,BOBCATS Timeout: Regular (Full 2 Short 1),,,,,2,1610612766,,,,,,0,0,,,,,,0,0,,,,,,0
0011300104,190,6,2,2,7:48 PM,8:28,,,Bennett S.FOUL (P4.T2),,,5,203461,Anthony Bennett,1610612739.0,Cleveland,Cavaliers,CLE,4,201196,Ramon Sessions,1610612766.0,Charlotte,Bobcats,CHA,1,0,,,,,,0
0011300104,191,3,11,2,7:48 PM,8:28,Sessions Free Throw 1 of 2 (5 PTS),,,36 - 36,TIE,4,201196,Ramon Sessions,1610612766.0,Charlotte,Bobcats,CHA,0,0,,,,,,0,0,,,,,,0
0011300104,193,3,12,2,7:49 PM,8:28,Sessions Free Throw 2 of 2 (6 PTS),,,36 - 37,1,4,201196,Ramon Sessions,1610612766.0,Charlotte,Bobcats,CHA,0,0,,,,,,0,0,,,,,,0
0011300104,195,6,1,2,7:49 PM,8:09,McRoberts P.FOUL (P1.T2),,,,,4,201177,Josh McRoberts,1610612766.0,Charlotte,Bobcats,CHA,5,203461,Anthony Bennett,1610612739.0,Cleveland,Cavaliers,CLE,1,0,,,,,,0
0011300104,196,5,2,2,7:49 PM,8:05,McRoberts STEAL (1 STL),,Jack Lost Ball Turnover (P2.T8),,,5,101127,Jarrett Jack,1610612739.0,Cleveland,Cavaliers,CLE,4,201177,Josh McRoberts,1610612766.0,Charlotte,Bobcats,CHA,0,0,,,,,,0
0011300104,197,1,1,2,7:49 PM,7:56,Taylor 25' 3PT Jump Shot (9 PTS) (Sessions 2 AST),,,36 - 40,4,4,203106,Jeffery Taylor,1610612766.0,Charlotte,Bobcats,CHA,4,201196,Ramon Sessions,1610612766.0,Charlotte,Bobcats,CHA,0,0,,,,,,0
0011300104,198,2,1,2,7:50 PM,7:35,,,MISS Bennett 26' 3PT Jump Shot,,,5,203461,Anthony Bennett,1610612739.0,Cleveland,Cavaliers,CLE,0,0,,,,,,0,0,,,,,,0
0011300104,199,4,0,2,7:50 PM,7:33,Taylor REBOUND (Off:0 Def:1),,,,,4,203106,Jeffery Taylor,1610612766.0,Charlotte,Bobcats,CHA,0,0,,,,,,0,0,,,,,,0
0011300104,200,2,1,2,7:50 PM,7:26,MISS Taylor 25' 3PT Jump Shot,,,,,4,203106,Jeffery Taylor,1610612766.0,Charlotte,Bobcats,CHA,0,0,,,,,,0,0,,,,,,0
0011300104,201,4,0,2,7:50 PM,7:24,,,Dellavedova REBOUND (Off:1 Def:2),,,5,203521,Matthew Dellavedova,1610612739.0,Cleveland,Cavaliers,CLE,0,0,,,,,,0,0,,,,,,0
0011300104,202,1,5,2,7:50 PM,7:19,,,Taylor 1' Layup (2 PTS) (Jack 3 AST),38 - 40,2,5,201966,Jermaine Taylor,1610612739.0,Cleveland,Cavaliers,CLE,5,101127,Jarrett Jack,1610612739.0,Cleveland,Cavaliers,CLE,0,0,,,,,,0
0011300104,203,2,5,2,7:50 PM,7:04,MISS Zeller 2' Layup,,,,,4,203469,Cody Zeller,1610612766.0,Charlotte,Bobcats,CHA,0,0,,,,,,0,0,,,,,,0
0011300104,205,4,0,2,7:50 PM,7:01,Zeller REBOUND (Off:1 Def:0),,,,,4,203469,Cody Zeller,1610612766.0,Charlotte,Bobcats,CHA,0,0,,,,,,0,0,,,,,,0
0011300104,204,2,5,2,7:50 PM,7:01,MISS Zeller 2' Layup,,,,,4,203469,Cody Zeller,1610612766.0,Charlotte,Bobcats,CHA,0,0,,,,,,0,0,,,,,,0
0011300104,207,4,0,2,7:50 PM,6:59,Kidd-Gilchrist REBOUND (Off:1 Def:2),,,,,4,203077,Michael Kidd-Gilchrist,1610612766.0,Charlotte,Bobcats,CHA,0,0,,,,,,0,0,,,,,,0
0011300104,206,2,5,2,7:50 PM,6:59,MISS Kidd-Gilchrist 1' Layup,,Bennett BLOCK (1 BLK),,,4,203077,Michael Kidd-Gilchrist,1610612766.0,Charlotte,Bobcats,CHA,0,0,,,,,,5,203461,Anthony Bennett,1610612739.0,Cleveland,Cavaliers,CLE,0
0011300104,208,4,0,2,7:50 PM,6:59,BOBCATS Rebound,,,,,2,1610612766,,,,,,0,0,,,,,,0,0,,,,,,0
0011300104,209,8,0,2,7:51 PM,6:59,SUB: Walker FOR Sessions,,,,,4,201196,Ramon Sessions,1610612766.0,Charlotte,Bobcats,CHA,4,202689,Kemba Walker,1610612766.0,Charlotte,Bobcats,CHA,0,0,,,,,,0
0011300104,210,8,0,2,7:51 PM,6:59,,,SUB: Thompson FOR Bennett,,,5,203461,Anthony Bennett,1610612739.0,Cleveland,Cavaliers,CLE,5,202684,Tristan Thompson,1610612739.0,Cleveland,Cavaliers,CLE,0,0,,,,,,0
0011300104,211,8,0,2,7:51 PM,6:59,,,SUB: Waiters FOR Dellavedova,,,5,203521,Matthew Dellavedova,1610612739.0,Cleveland,Cavaliers,CLE,5,203079,Dion Waiters,1610612739.0,Cleveland,Cavaliers,CLE,0,0,,,,,,0
0011300104,212,6,2,2,7:51 PM,6:48,,,Taylor S.FOUL (P1.T3),,,5,201966,Jermaine Taylor,1610612739.0,Cleveland,Cavaliers,CLE,4,203469,Cody Zeller,1610612766.0,Charlotte,Bobcats,CHA,1,0,,,,,,0
0011300104,213,3,11,2,7:52 PM,6:48,MISS Zeller Free Throw 1 of 2,,,,,4,203469,Cody Zeller,1610612766.0,Charlotte,Bobcats,CHA,0,0,,,,,,0,0,,,,,,0
0011300104,214,4,1,2,7:52 PM,6:48,BOBCATS Rebound,,,,,2,1610612766,,,,,,0,0,,,,,,0,0,,,,,,0
0011300104,215,8,0,2,7:52 PM,6:48,SUB: Henderson FOR Taylor,,,,,4,203106,Jeffery Taylor,1610612766.0,Charlotte,Bobcats,CHA,4,201945,Gerald Henderson,1610612766.0,Charlotte,Bobcats,CHA,0,0,,,,,,0
0011300104,216,3,12,2,7:52 PM,6:48,MISS Zeller Free Throw 2 of 2,,,,,4,203469,Cody Zeller,1610612766.0,Charlotte,Bobcats,CHA,0,0,,,,,,0,0,,,,,,0
0011300104,218,4,0,2,7:52 PM,6:47,,,Thompson REBOUND (Off:2 Def:1),,,5,202684,Tristan Thompson,1610612739.0,Cleveland,Cavaliers,CLE,0,0,,,,,,0,0,,,,,,0
0011300104,219,5,1,2,7:52 PM,6:34,Kidd-Gilchrist STEAL (1 STL),,Sims Bad Pass Turnover (P2.T9),,,5,203156,Henry Sims,1610612739.0,Cleveland,Cavaliers,CLE,4,203077,Michael Kidd-Gilchrist,1610612766.0,Charlotte,Bobcats,CHA,0,0,,,,,,0
0011300104,220,2,5,2,7:52 PM,6:29,MISS Walker 1' Layup,,,,,4,202689,Kemba Walker,1610612766.0,Charlotte,Bobcats,CHA,0,0,,,,,,0,0,,,,,,0
0011300104,222,4,0,2,7:52 PM,6:26,Zeller REBOUND (Off:2 Def:0),,,,,4,203469,Cody Zeller,1610612766.0,Charlotte,Bobcats,CHA,0,0,,,,,,0,0,,,,,,0
0011300104,221,1,5,2,7:52 PM,6:26,Zeller 1' Layup (8 PTS),,,38 - 42,4,4,203469,Cody Zeller,1610612766.0,Charlotte,Bobcats,CHA,0,0,,,,,,0,0,,,,,,0
0011300104,223,1,1,2,7:53 PM,6:08,,,Jack 18' Jump Shot (4 PTS) (Waiters 1 AST),40 - 42,2,5,101127,Jarrett Jack,1610612739.0,Cleveland,Cavaliers,CLE,5,203079,Dion Waiters,1610612739.0,Cleveland,Cavaliers,CLE,0,0,,,,,,0
0011300104,224,6,1,2,7:53 PM,5:59,,,Waiters P.FOUL (P3.T4),,,5,203079,Dion Waiters,1610612739.0,Cleveland,Cavaliers,CLE,4,201177,Josh McRoberts,1610612766.0,Charlotte,Bobcats,CHA,1,0,,,,,,0
0011300104,225,9,4,2,7:53 PM,5:59,,Timeout: Official,,,,1,0,,,,,,0,0,,,,,,0,0,,,,,,0
0011300104,228,8,0,2,7:55 PM,5:59,SUB: Biyombo FOR McRoberts,,,,,4,201177,Josh McRoberts,1610612766.0,Charlotte,Bobcats,CHA,4,202687,Bismack Biyombo,1610612766.0,Charlotte,Bobcats,CHA,0,0,,,,,,0
0011300104,229,8,0,2,7:55 PM,5:59,SUB: Tolliver FOR Zeller,,,,,4,203469,Cody Zeller,1610612766.0,Charlotte,Bobcats,CHA,4,201229,Anthony Tolliver,1610612766.0,Charlotte,Bobcats,CHA,0,0,,,,,,0
0011300104,230,2,1,2,7:56 PM,5:41,MISS Henderson 29' 3PT Jump Shot,,,,,4,201945,Gerald Henderson,1610612766.0,Charlotte,Bobcats,CHA,0,0,,,,,,0,0,,,,,,0
0011300104,231,4,0,2,7:56 PM,5:40,,,Thompson REBOUND (Off:2 Def:2),,,5,202684,Tristan Thompson,1610612739.0,Cleveland,Cavaliers,CLE,0,0,,,,,,0,0,,,,,,0
0011300104,232,2,1,2,7:56 PM,5:26,,,MISS Taylor  3PT Jump Shot,,,5,201966,Jermaine Taylor,1610612739.0,Cleveland,Cavaliers,CLE,0,0,,,,,,0,0,,,,,,0
0011300104,233,4,0,2,7:56 PM,5:25,Henderson REBOUND (Off:1 Def:2),,,,,4,201945,Gerald Henderson,1610612766.0,Charlotte,Bobcats,CHA,0,0,,,,,,0,0,,,,,,0
0011300104,234,2,1,2,7:56 PM,5:16,MISS Walker 5' Jump Shot,,,,,4,202689,Kemba Walker,1610612766.0,Charlotte,Bobcats,CHA,0,0,,,,,,0,0,,,,,,0
0011300104,235,4,0,2,7:56 PM,5:15,,,Taylor REBOUND (Off:0 Def:1),,,5,201966,Jermaine Taylor,1610612739.0,Cleveland,Cavaliers,CLE,0,0,,,,,,0,0,,,,,,0
0011300104,237,2,5,2,7:56 PM,5:10,Tolliver BLOCK (1 BLK),,MISS Waiters 1' Layup,,,5,203079,Dion Waiters,1610612739.0,Cleveland,Cavaliers,CLE,0,0,,,,,,4,201229,Anthony Tolliver,1610612766.0,Charlotte,Bobcats,CHA,0
0011300104,238,4,0,2,7:56 PM,5:10,,,Cavaliers Rebound,,,3,1610612739,,,,,,0,0,,,,,,0,0,,,,,,0
0011300104,239,8,0,2,7:56 PM,5:10,SUB: Taylor FOR Kidd-Gilchrist,,,,,4,203077,Michael Kidd-Gilchrist,1610612766.0,Charlotte,Bobcats,CHA,4,203106,Jeffery Taylor,1610612766.0,Charlotte,Bobcats,CHA,0,0,,,,,,0
0011300104,240,2,1,2,7:57 PM,5:07,,,MISS Waiters 17' Jump Shot,,,5,203079,Dion Waiters,1610612739.0,Cleveland,Cavaliers,CLE,0,0,,,,,,0,0,,,,,,0
0011300104,242,4,0,2,7:57 PM,5:05,,,Sims REBOUND (Off:2 Def:4),,,5,203156,Henry Sims,1610612739.0,Cleveland,Cavaliers,CLE,0,0,,,,,,0,0,,,,,,0
0011300104,241,2,5,2,7:57 PM,5:05,Tolliver BLOCK (2 BLK),,MISS Sims 1' Layup,,,5,203156,Henry Sims,1610612739.0,Cleveland,Cavaliers,CLE,0,0,,,,,,4,201229,Anthony Tolliver,1610612766.0,Charlotte,Bobcats,CHA,0
0011300104,243,4,0,2,7:57 PM,5:02,Walker REBOUND (Off:0 Def:1),,,,,4,202689,Kemba Walker,1610612766.0,Charlotte,Bobcats,CHA,0,0,,,,,,0,0,,,,,,0
0011300104,244,1,51,2,7:57 PM,4:56,Taylor 1' Reverse Dunk (11 PTS) (Henderson 1 AST),,,40 - 44,4,4,203106,Jeffery Taylor,1610612766.0,Charlotte,Bobcats,CHA,4,201945,Gerald Henderson,1610612766.0,Charlotte,Bobcats,CHA,0,0,,,,,,0
0011300104,245,6,2,2,7:57 PM,4:44,Walker S.FOUL (P1.T3),,,,,4,202689,Kemba Walker,1610612766.0,Charlotte,Bobcats,CHA,5,101127,Jarrett Jack,1610612739.0,Cleveland,Cavaliers,CLE,1,0,,,,,,0
0011300104,246,3,11,2,7:57 PM,4:44,,,Jack Free Throw 1 of 2 (5 PTS),41 - 44,3,5,101127,Jarrett Jack,1610612739.0,Cleveland,Cavaliers,CLE,0,0,,,,,,0,0,,,,,,0
0011300104,248,8,0,2,7:57 PM,4:44,,,SUB: Varejao FOR Sims,,,5,203156,Henry Sims,1610612739.0,Cleveland,Cavaliers,CLE,5,2760,Anderson Varejao,1610612739.0,Cleveland,Cavaliers,CLE,0,0,,,,,,0
0011300104,249,8,0,2,7:58 PM,4:44,,,SUB: Clark FOR Taylor,,,5,201966,Jermaine Taylor,1610612739.0,Cleveland,Cavaliers,CLE,5,201947,Earl Clark,1610612739.0,Cleveland,Cavaliers,CLE,0,0,,,,,,0
0011300104,250,3,12,2,7:58 PM,4:44,,,Jack Free Throw 2 of 2 (6 PTS),42 - 44,2,5,101127,Jarrett Jack,1610612739.0,Cleveland,Cavaliers,CLE,0,0,,,,,,0,0,,,,,,0
0011300104,252,1,42,2,7:58 PM,4:23,Walker 2' Driving Layup (4 PTS) (Taylor 1 AST),,,42 - 46,4,4,202689,Kemba Walker,1610612766.0,Charlotte,Bobcats,CHA,4,203106,Jeffery Taylor,1610612766.0,Charlotte,Bobcats,CHA,0,0,,,,,,0
0011300104,253,2,5,2,7:58 PM,4:04,,,MISS Thompson 2' Layup,,,5,202684,Tristan Thompson,1610612739.0,Cleveland,Cavaliers,CLE,0,0,,,,,,0,0,,,,,,0
0011300104,254,4,0,2,7:59 PM,4:04,BOBCATS Rebound,,,,,2,1610612766,,,,,,0,0,,,,,,0,0,,,,,,0
0011300104,255,6,3,2,7:59 PM,4:04,,,Varejao L.B.FOUL (P3.PN),,,5,2760,Anderson Varejao,1610612739.0,Cleveland,Cavaliers,CLE,4,201229,Anthony Tolliver,1610612766.0,Charlotte,Bobcats,CHA,1,0,,,,,,0
0011300104,256,3,11,2,7:59 PM,4:04,Tolliver Free Throw 1 of 2 (1 PTS),,,42 - 47,5,4,201229,Anthony Tolliver,1610612766.0,Charlotte,Bobcats,CHA,0,0,,,,,,0,0,,,,,,0
0011300104,258,8,0,2,7:59 PM,4:04,,,SUB: Irving FOR Jack,,,5,101127,Jarrett Jack,1610612739.0,Cleveland,Cavaliers,CLE,5,202681,Kyrie Irving,1610612739.0,Cleveland,Cavaliers,CLE,0,0,,,,,,0
0011300104,259,3,12,2,7:59 PM,4:04,MISS Tolliver Free Throw 2 of 2,,,,,4,201229,Anthony Tolliver,1610612766.0,Charlotte,Bobcats,CHA,0,0,,,,,,0,0,,,,,,0
0011300104,261,4,0,2,7:59 PM,4:02,,,Clark REBOUND (Off:0 Def:1),,,5,201947,Earl Clark,1610612739.0,Cleveland,Cavaliers,CLE,0,0,,,,,,0,0,,,,,,0
0011300104,262,5,1,2,8:00 PM,3:48,Taylor STEAL (1 STL),,Thompson Bad Pass Turnover (P1.T10),,,5,202684,Tristan Thompson,1610612739.0,Cleveland,Cavaliers,CLE,4,203106,Jeffery Taylor,1610612766.0,Charlotte,Bobcats,CHA,0,0,,,,,,0
0011300104,263,5,1,2,8:00 PM,3:39,Tolliver Bad Pass Turnover (P1.T4),,,,,4,201229,Anthony Tolliver,1610612766.0,Charlotte,Bobcats,CHA,0,0,,,,,,0,0,,,,,,0
0011300104,264,6,2,2,8:00 PM,3:28,Henderson S.FOUL (P2.T4),,,,,4,201945,Gerald Henderson,1610612766.0,Charlotte,Bobcats,CHA,5,202681,Kyrie Irving,1610612739.0,Cleveland,Cavaliers,CLE,1,0,,,,,,0
0011300104,265,3,11,2,8:01 PM,3:28,,,Irving Free Throw 1 of 2 (5 PTS),43 - 47,4,5,202681,Kyrie Irving,1610612739.0,Cleveland,Cavaliers,CLE,0,0,,,,,,0,0,,,,,,0
0011300104,267,3,12,2,8:01 PM,3:28,,,Irving Free Throw 2 of 2 (6 PTS),44 - 47,3,5,202681,Kyrie Irving,1610612739.0,Cleveland,Cavaliers,CLE,0,0,,,,,,0,0,,,,,,0
0011300104,269,1,79,2,8:01 PM,3:14,Walker 16' Pullup Jump Shot (6 PTS),,,44 - 49,5,4,202689,Kemba Walker,1610612766.0,Charlotte,Bobcats,CHA,0,0,,,,,,0,0,,,,,,0
0011300104,270,2,1,2,8:01 PM,2:57,,,MISS Varejao 16' Jump Shot,,,5,2760,Anderson Varejao,1610612739.0,Cleveland,Cavaliers,CLE,0,0,,,,,,0,0,,,,,,0
0011300104,271,4,0,2,8:01 PM,2:56,,,Irving REBOUND (Off:1 Def:1),,,5,202681,Kyrie Irving,1610612739.0,Cleveland,Cavaliers,CLE,0,0,,,,,,0,0,,,,,,0
0011300104,272,1,1,2,8:01 PM,2:52,,,Irving  3PT Jump Shot (9 PTS),47 - 49,2,5,202681,Kyrie Irving,1610612739.0,Cleveland,Cavaliers,CLE,0,0,,,,,,0,0,,,,,,0
0011300104,273,2,1,2,8:02 PM,2:31,MISS Walker 18' Jump Shot,,,,,4,202689,Kemba Walker,1610612766.0,Charlotte,Bobcats,CHA,0,0,,,,,,0,0,,,,,,0
0011300104,274,4,0,2,8:02 PM,2:30,,,Clark REBOUND (Off:0 Def:2),,,5,201947,Earl Clark,1610612739.0,Cleveland,Cavaliers,CLE,0,0,,,,,,0,0,,,,,,0
0011300104,275,2,1,2,8:02 PM,2:19,,,MISS Irving 14' Jump Shot,,,5,202681,Kyrie Irving,1610612739.0,Cleveland,Cavaliers,CLE,0,0,,,,,,0,0,,,,,,0
0011300104,277,4,0,2,8:02 PM,2:18,,,Varejao REBOUND (Off:2 Def:3),,,5,2760,Anderson Varejao,1610612739.0,Cleveland,Cavaliers,CLE,0,0,,,,,,0,0,,,,,,0
0011300104,276,2,4,2,8:02 PM,2:18,,,MISS Varejao 1' Tip Shot,,,5,2760,Anderson Varejao,1610612739.0,Cleveland,Cavaliers,CLE,0,0,,,,,,0,0,,,,,,0
0011300104,278,4,0,2,8:02 PM,2:15,Walker REBOUND (Off:0 Def:2),,,,,4,202689,Kemba Walker,1610612766.0,Charlotte,Bobcats,CHA,0,0,,,,,,0,0,,,,,,0
0011300104,279,2,1,2,8:02 PM,2:08,MISS Henderson 10' Jump Shot,,,,,4,201945,Gerald Henderson,1610612766.0,Charlotte,Bobcats,CHA,0,0,,,,,,0,0,,,,,,0
0011300104,280,4,0,2,8:02 PM,2:07,,,Thompson REBOUND (Off:2 Def:3),,,5,202684,Tristan Thompson,1610612739.0,Cleveland,Cavaliers,CLE,0,0,,,,,,0,0,,,,,,0
0011300104,281,2,1,2,8:02 PM,1:56,,,MISS Thompson 17' Jump Shot,,,5,202684,Tristan Thompson,1610612739.0,Cleveland,Cavaliers,CLE,0,0,,,,,,0,0,,,,,,0
0011300104,282,4,0,2,8:02 PM,1:54,,,Varejao REBOUND (Off:3 Def:3),,,5,2760,Anderson Varejao,1610612739.0,Cleveland,Cavaliers,CLE,0,0,,,,,,0,0,,,,,,0
0011300104,283,6,2,2,8:03 PM,1:53,Tolliver S.FOUL (P1.PN),,,,,4,201229,Anthony Tolliver,1610612766.0,Charlotte,Bobcats,CHA,5,201947,Earl Clark,1610612739.0,Cleveland,Cavaliers,CLE,1,0,,,,,,0
0011300104,332,9,1,2,8:05 PM,1:53,,,Cavaliers Timeout: Regular (Reg.2 Short 0),,,3,1610612739,,,,,,0,0,,,,,,0,0,,,,,,0
0011300104,287,3,11,2,8:05 PM,1:53,,,MISS Clark Free Throw 1 of 2,,,5,201947,Earl Clark,1610612739.0,Cleveland,Cavaliers,CLE,0,0,,,,,,0,0,,,,,,0
0011300104,288,4,1,2,8:05 PM,1:53,,,Cavaliers Rebound,,,3,1610612739,,,,,,0,0,,,,,,0,0,,,,,,0
0011300104,289,3,12,2,8:05 PM,1:53,,,Clark Free Throw 2 of 2 (5 PTS),48 - 49,1,5,201947,Earl Clark,1610612739.0,Cleveland,Cavaliers,CLE,0,0,,,,,,0,0,,,,,,0
0011300104,291,1,7,2,8:06 PM,1:37,Biyombo 2' Dunk (2 PTS) (Henderson 2 AST),,,48 - 51,3,4,202687,Bismack Biyombo,1610612766.0,Charlotte,Bobcats,CHA,4,201945,Gerald Henderson,1610612766.0,Charlotte,Bobcats,CHA,0,0,,,,,,0
0011300104,292,6,1,2,8:06 PM,1:18,Walker P.FOUL (P2.PN),,,,,4,202689,Kemba Walker,1610612766.0,Charlotte,Bobcats,CHA,5,202681,Kyrie Irving,1610612739.0,Cleveland,Cavaliers,CLE,1,0,,,,,,0
0011300104,293,3,11,2,8:06 PM,1:18,,,MISS Irving Free Throw 1 of 2,,,5,202681,Kyrie Irving,1610612739.0,Cleveland,Cavaliers,CLE,0,0,,,,,,0,0,,,,,,0
0011300104,294,4,1,2,8:06 PM,1:18,,,Cavaliers Rebound,,,3,1610612739,,,,,,0,0,,,,,,0,0,,,,,,0
0011300104,295,3,12,2,8:06 PM,1:18,,,Irving Free Throw 2 of 2 (10 PTS),49 - 51,2,5,202681,Kyrie Irving,1610612739.0,Cleveland,Cavaliers,CLE,0,0,,,,,,0,0,,,,,,0
0011300104,297,6,1,2,8:07 PM,1:09,,,Thompson P.FOUL (P1.PN),,,5,202684,Tristan Thompson,1610612739.0,Cleveland,Cavaliers,CLE,4,202689,Kemba Walker,1610612766.0,Charlotte,Bobcats,CHA,1,0,,,,,,0
0011300104,298,3,11,2,8:07 PM,1:09,Walker Free Throw 1 of 2 (7 PTS),,,49 - 52,3,4,202689,Kemba Walker,1610612766.0,Charlotte,Bobcats,CHA,0,0,,,,,,0,0,,,,,,0
0011300104,300,3,12,2,8:07 PM,1:09,Walker Free Throw 2 of 2 (8 PTS),,,49 - 53,4,4,202689,Kemba Walker,1610612766.0,Charlotte,Bobcats,CHA,0,0,,,,,,0,0,,,,,,0
0011300104,302,5,1,2,8:08 PM,0:50,,,Irving Bad Pass Turnover (P1.T11),,,5,202681,Kyrie Irving,1610612739.0,Cleveland,Cavaliers,CLE,0,0,,,,,,0,0,,,,,,0
0011300104,303,2,1,2,8:08 PM,0:40,MISS Henderson 18' Jump Shot,,,,,4,201945,Gerald Henderson,1610612766.0,Charlotte,Bobcats,CHA,0,0,,,,,,0,0,,,,,,0
0011300104,304,4,0,2,8:08 PM,0:39,,,Thompson REBOUND (Off:2 Def:4),,,5,202684,Tristan Thompson,1610612739.0,Cleveland,Cavaliers,CLE,0,0,,,,,,0,0,,,,,,0
0011300104,305,2,1,2,8:08 PM,0:32,,,MISS Irving 26' 3PT Jump Shot,,,5,202681,Kyrie Irving,1610612739.0,Cleveland,Cavaliers,CLE,0,0,,,,,,0,0,,,,,,0
0011300104,306,4,0,2,8:08 PM,0:32,BOBCATS Rebound,,,,,2,1610612766,,,,,,0,0,,,,,,0,0,,,,,,0
0011300104,307,2,1,2,8:09 PM,0:17,MISS Tolliver 26' 3PT Jump Shot,,,,,4,201229,Anthony Tolliver,1610612766.0,Charlotte,Bobcats,CHA,0,0,,,,,,0,0,,,,,,0
0011300104,308,4,0,2,8:09 PM,0:16,,,Cavaliers Rebound,,,3,1610612739,,,,,,0,0,,,,,,0,0,,,,,,0
0011300104,309,6,3,2,8:09 PM,0:16,Biyombo L.B.FOUL (P2.PN),,,,,4,202687,Bismack Biyombo,1610612766.0,Charlotte,Bobcats,CHA,5,202684,Tristan Thompson,1610612739.0,Cleveland,Cavaliers,CLE,1,0,,,,,,0
0011300104,310,3,11,2,8:09 PM,0:16,,,Thompson Free Throw 1 of 2 (8 PTS),50 - 53,3,5,202684,Tristan Thompson,1610612739.0,Cleveland,Cavaliers,CLE,0,0,,,,,,0,0,,,,,,0
0011300104,312,3,12,2,8:10 PM,0:16,,,Thompson Free Throw 2 of 2 (9 PTS),51 - 53,2,5,202684,Tristan Thompson,1610612739.0,Cleveland,Cavaliers,CLE,0,0,,,,,,0,0,,,,,,0
0011300104,314,2,1,2,8:10 PM,0:00,MISS Walker 17' Jump Shot,,,,,4,202689,Kemba Walker,1610612766.0,Charlotte,Bobcats,CHA,0,0,,,,,,0,0,,,,,,0
0011300104,316,4,0,2,8:10 PM,0:00,BOBCATS Rebound,,,,,2,1610612766,,,,,,0,0,,,,,,0,0,,,,,,0
0011300104,315,13,0,2,8:10 PM,0:00,,End of 2nd Period (8:10 PM EST),,51 - 53,2,0,0,,,,,,0,0,,,,,,0,0,,,,,,0
0011300104,318,12,0,3,8:26 PM,12:00,,Start of 3rd Period (8:26 PM EST),,51 - 53,2,0,0,,,,,,0,0,,,,,,0,0,,,,,,0
0011300104,319,6,1,3,8:26 PM,11:47,,,Varejao P.FOUL (P4.T1),,,5,2760,Anderson Varejao,1610612739.0,Cleveland,Cavaliers,CLE,4,202689,Kemba Walker,1610612766.0,Charlotte,Bobcats,CHA,1,0,,,,,,0
0011300104,320,1,1,3,8:27 PM,11:39,Henderson 15' Jump Shot (8 PTS),,,51 - 55,4,4,201945,Gerald Henderson,1610612766.0,Charlotte,Bobcats,CHA,0,0,,,,,,0,0,,,,,,0
0011300104,321,2,5,3,8:27 PM,11:19,Biyombo BLOCK (1 BLK),,MISS Thompson  Layup,,,5,202684,Tristan Thompson,1610612739.0,Cleveland,Cavaliers,CLE,0,0,,,,,,4,202687,Bismack Biyombo,1610612766.0,Charlotte,Bobcats,CHA,0
0011300104,322,4,0,3,8:27 PM,11:17,McRoberts REBOUND (Off:1 Def:1),,,,,4,201177,Josh McRoberts,1610612766.0,Charlotte,Bobcats,CHA,0,0,,,,,,0,0,,,,,,0
0011300104,323,2,1,3,8:27 PM,10:57,MISS Walker 26' 3PT Jump Shot,,,,,4,202689,Kemba Walker,1610612766.0,Charlotte,Bobcats,CHA,0,0,,,,,,0,0,,,,,,0
0011300104,324,4,0,3,8:27 PM,10:55,Biyombo REBOUND (Off:3 Def:0),,,,,4,202687,Bismack Biyombo,1610612766.0,Charlotte,Bobcats,CHA,0,0,,,,,,0,0,,,,,,0
0011300104,325,2,1,3,8:28 PM,10:46,MISS Taylor 7' Jump Shot,,,,,4,203106,Jeffery Taylor,1610612766.0,Charlotte,Bobcats,CHA,0,0,,,,,,0,0,,,,,,0
0011300104,326,4,0,3,8:28 PM,10:45,,,Thompson REBOUND (Off:2 Def:5),,,5,202684,Tristan Thompson,1610612739.0,Cleveland,Cavaliers,CLE,0,0,,,,,,0,0,,,,,,0
0011300104,327,6,1,3,8:28 PM,10:32,Walker P.FOUL (P3.T1),,,,,4,202689,Kemba Walker,1610612766.0,Charlotte,Bobcats,CHA,5,101127,Jarrett Jack,1610612739.0,Cleveland,Cavaliers,CLE,1,0,,,,,,0
0011300104,328,2,1,3,8:28 PM,10:19,,,MISS Thompson 16' Jump Shot,,,5,202684,Tristan Thompson,1610612739.0,Cleveland,Cavaliers,CLE,0,0,,,,,,0,0,,,,,,0
0011300104,329,4,0,3,8:28 PM,10:16,,,Irving REBOUND (Off:2 Def:1),,,5,202681,Kyrie Irving,1610612739.0,Cleveland,Cavaliers,CLE,0,0,,,,,,0,0,,,,,,0
0011300104,330,1,1,3,8:29 PM,10:06,,,Clark 19' Jump Shot (7 PTS),53 - 55,2,5,201947,Earl Clark,1610612739.0,Cleveland,Cavaliers,CLE,0,0,,,,,,0,0,,,,,,0
0011300104,331,5,39,3,8:29 PM,9:47,Taylor Step Out of Bounds Turnover (P1.T5),,,,,4,203106,Jeffery Taylor,1610612766.0,Charlotte,Bobcats,CHA,0,0,,,,,,1,0,,,,,,0
0011300104,333,5,2,3,8:29 PM,9:28,Henderson STEAL (2 STL),,Thompson Lost Ball Turnover (P2.T12),,,5,202684,Tristan Thompson,1610612739.0,Cleveland,Cavaliers,CLE,4,201945,Gerald Henderson,1610612766.0,Charlotte,Bobcats,CHA,0,0,,,,,,0
0011300104,334,1,42,3,8:29 PM,9:22,Henderson 2' Driving Layup (10 PTS),,,53 - 57,4,4,201945,Gerald Henderson,1610612766.0,Charlotte,Bobcats,CHA,0,0,,,,,,0,0,,,,,,0
0011300104,336,6,2,3,8:30 PM,8:59,Biyombo S.FOUL (P3.T2),,,,,4,202687,Bismack Biyombo,1610612766.0,Charlotte,Bobcats,CHA,5,2760,Anderson Varejao,1610612739.0,Cleveland,Cavaliers,CLE,1,0,,,,,,0
0011300104,337,3,11,3,8:30 PM,8:59,,,Varejao Free Throw 1 of 2 (5 PTS),54 - 57,3,5,2760,Anderson Varejao,1610612739.0,Cleveland,Cavaliers,CLE,0,0,,,,,,0,0,,,,,,0
0011300104,339,3,12,3,8:30 PM,8:59,,,Varejao Free Throw 2 of 2 (6 PTS),55 - 57,2,5,2760,Anderson Varejao,1610612739.0,Cleveland,Cavaliers,CLE,0,0,,,,,,0,0,,,,,,0
0011300104,341,1,1,3,8:31 PM,8:44,Walker 26' 3PT Jump Shot (11 PTS) (Henderson 3 AST),,,55 - 60,5,4,202689,Kemba Walker,1610612766.0,Charlotte,Bobcats,CHA,4,201945,Gerald Henderson,1610612766.0,Charlotte,Bobcats,CHA,0,0,,,,,,0
0011300104,342,2,5,3,8:31 PM,8:26,,,MISS Irving 2' Layup,,,5,202681,Kyrie Irving,1610612739.0,Cleveland,Cavaliers,CLE,0,0,,,,,,0,0,,,,,,0
0011300104,343,4,0,3,8:31 PM,8:25,,,Irving REBOUND (Off:3 Def:1),,,5,202681,Kyrie Irving,1610612739.0,Cleveland,Cavaliers,CLE,0,0,,,,,,0,0,,,,,,0
0011300104,344,1,52,3,8:31 PM,8:21,,,Thompson 1' Alley Oop Dunk (11 PTS) (Irving 2 AST),57 - 60,3,5,202684,Tristan Thompson,1610612739.0,Cleveland,Cavaliers,CLE,5,202681,Kyrie Irving,1610612739.0,Cleveland,Cavaliers,CLE,0,0,,,,,,0
0011300104,345,1,1,3,8:31 PM,8:07,Biyombo 10' Jump Shot (4 PTS) (Henderson 4 AST),,,57 - 62,5,4,202687,Bismack Biyombo,1610612766.0,Charlotte,Bobcats,CHA,4,201945,Gerald Henderson,1610612766.0,Charlotte,Bobcats,CHA,0,0,,,,,,0
0011300104,346,2,1,3,8:32 PM,7:54,,,MISS Jack 19' Jump Shot,,,5,101127,Jarrett Jack,1610612739.0,Cleveland,Cavaliers,CLE,0,0,,,,,,0,0,,,,,,0
0011300104,347,4,0,3,8:32 PM,7:53,Biyombo REBOUND (Off:3 Def:1),,,,,4,202687,Bismack Biyombo,1610612766.0,Charlotte,Bobcats,CHA,0,0,,,,,,0,0,,,,,,0
0011300104,348,1,80,3,8:32 PM,7:44,Taylor 18' Step Back Jump Shot (13 PTS) (Walker 2 AST),,,57 - 64,7,4,203106,Jeffery Taylor,1610612766.0,Charlotte,Bobcats,CHA,4,202689,Kemba Walker,1610612766.0,Charlotte,Bobcats,CHA,0,0,,,,,,0
0011300104,349,2,1,3,8:32 PM,7:23,,,MISS Varejao 12' Jump Shot,,,5,2760,Anderson Varejao,1610612739.0,Cleveland,Cavaliers,CLE,0,0,,,,,,0,0,,,,,,0
0011300104,350,4,0,3,8:32 PM,7:23,Biyombo REBOUND (Off:3 Def:2),,,,,4,202687,Bismack Biyombo,1610612766.0,Charlotte,Bobcats,CHA,0,0,,,,,,0,0,,,,,,0
0011300104,351,1,1,3,8:33 PM,7:03,McRoberts 26' 3PT Jump Shot (8 PTS) (Walker 3 AST),,,57 - 67,10,4,201177,Josh McRoberts,1610612766.0,Charlotte,Bobcats,CHA,4,202689,Kemba Walker,1610612766.0,Charlotte,Bobcats,CHA,0,0,,,,,,0
0011300104,352,9,1,3,8:33 PM,7:01,,,Cavaliers Timeout: Regular (Reg.3 Short 0),,,3,1610612739,,,,,,0,0,,,,,,0,0,,,,,,0
0011300104,356,1,1,3,8:35 PM,6:45,,,Clark 25' 3PT Jump Shot (10 PTS) (Jack 4 AST),60 - 67,7,5,201947,Earl Clark,1610612739.0,Cleveland,Cavaliers,CLE,5,101127,Jarrett Jack,1610612739.0,Cleveland,Cavaliers,CLE,0,0,,,,,,0
0011300104,357,1,1,3,8:36 PM,6:19,Henderson 19' Jump Shot (12 PTS) (McRoberts 3 AST),,,60 - 69,9,4,201945,Gerald Henderson,1610612766.0,Charlotte,Bobcats,CHA,4,201177,Josh McRoberts,1610612766.0,Charlotte,Bobcats,CHA,0,0,,,,,,0
0011300104,358,2,1,3,8:36 PM,5:52,,,MISS Irving 29' 3PT Jump Shot,,,5,202681,Kyrie Irving,1610612739.0,Cleveland,Cavaliers,CLE,0,0,,,,,,0,0,,,,,,0
0011300104,359,4,0,3,8:36 PM,5:51,McRoberts REBOUND (Off:1 Def:2),,,,,4,201177,Josh McRoberts,1610612766.0,Charlotte,Bobcats,CHA,0,0,,,,,,0,0,,,,,,0
0011300104,360,2,1,3,8:36 PM,5:33,MISS McRoberts 26' 3PT Jump Shot,,,,,4,201177,Josh McRoberts,1610612766.0,Charlotte,Bobcats,CHA,0,0,,,,,,0,0,,,,,,0
0011300104,361,4,0,3,8:36 PM,5:31,,,Clark REBOUND (Off:0 Def:3),,,5,201947,Earl Clark,1610612739.0,Cleveland,Cavaliers,CLE,0,0,,,,,,0,0,,,,,,0
0011300104,362,1,1,3,8:37 PM,5:18,,,Clark 17' Jump Shot (12 PTS) (Irving 3 AST),62 - 69,7,5,201947,Earl Clark,1610612739.0,Cleveland,Cavaliers,CLE,5,202681,Kyrie Irving,1610612739.0,Cleveland,Cavaliers,CLE,0,0,,,,,,0
0011300104,363,1,1,3,8:37 PM,5:05,Henderson 19' Jump Shot (14 PTS) (Taylor 2 AST),,,62 - 71,9,4,201945,Gerald Henderson,1610612766.0,Charlotte,Bobcats,CHA,4,203106,Jeffery Taylor,1610612766.0,Charlotte,Bobcats,CHA,0,0,,,,,,0
0011300104,364,1,79,3,8:37 PM,4:49,,,Irving 15' Pullup Jump Shot (12 PTS),64 - 71,7,5,202681,Kyrie Irving,1610612739.0,Cleveland,Cavaliers,CLE,0,0,,,,,,0,0,,,,,,0
0011300104,365,1,5,3,8:37 PM,4:34,McRoberts 1' Layup (10 PTS) (Henderson 5 AST),,,64 - 73,9,4,201177,Josh McRoberts,1610612766.0,Charlotte,Bobcats,CHA,4,201945,Gerald Henderson,1610612766.0,Charlotte,Bobcats,CHA,0,0,,,,,,0
0011300104,366,2,1,3,8:38 PM,4:16,,,MISS Jack 18' Jump Shot,,,5,101127,Jarrett Jack,1610612739.0,Cleveland,Cavaliers,CLE,0,0,,,,,,0,0,,,,,,0
0011300104,367,4,0,3,8:38 PM,4:14,McRoberts REBOUND (Off:1 Def:3),,,,,4,201177,Josh McRoberts,1610612766.0,Charlotte,Bobcats,CHA,0,0,,,,,,0,0,,,,,,0
0011300104,368,2,79,3,8:38 PM,4:10,MISS Walker 17' Pullup Jump Shot,,,,,4,202689,Kemba Walker,1610612766.0,Charlotte,Bobcats,CHA,0,0,,,,,,0,0,,,,,,0
0011300104,369,4,0,3,8:38 PM,4:06,,,Varejao REBOUND (Off:3 Def:4),,,5,2760,Anderson Varejao,1610612739.0,Cleveland,Cavaliers,CLE,0,0,,,,,,0,0,,,,,,0
0011300104,370,6,4,3,8:38 PM,4:01,,,Thompson OFF.Foul (P2),,,5,202684,Tristan Thompson,1610612739.0,Cleveland,Cavaliers,CLE,4,202689,Kemba Walker,1610612766.0,Charlotte,Bobcats,CHA,1,0,,,,,,0
0011300104,371,5,5,3,8:38 PM,4:01,,,Thompson Foul Turnover (P3.T13),,,5,202684,Tristan Thompson,1610612739.0,Cleveland,Cavaliers,CLE,0,0,,,,,,1,0,,,,,,0
0011300104,372,8,0,3,8:38 PM,4:01,SUB: Sessions FOR Taylor,,,,,4,203106,Jeffery Taylor,1610612766.0,Charlotte,Bobcats,CHA,4,201196,Ramon Sessions,1610612766.0,Charlotte,Bobcats,CHA,0,0,,,,,,0
0011300104,373,8,0,3,8:38 PM,4:01,SUB: Zeller FOR McRoberts,,,,,4,201177,Josh McRoberts,1610612766.0,Charlotte,Bobcats,CHA,4,203469,Cody Zeller,1610612766.0,Charlotte,Bobcats,CHA,0,0,,,,,,0
0011300104,379,8,0,3,8:38 PM,4:01,SUB: Tolliver FOR Walker,,,,,4,202689,Kemba Walker,1610612766.0,Charlotte,Bobcats,CHA,4,201229,Anthony Tolliver,1610612766.0,Charlotte,Bobcats,CHA,0,0,,,,,,0
0011300104,374,8,0,3,8:38 PM,3:52,,,SUB: Bennett FOR Varejao,,,5,2760,Anderson Varejao,1610612739.0,Cleveland,Cavaliers,CLE,5,203461,Anthony Bennett,1610612739.0,Cleveland,Cavaliers,CLE,0,0,,,,,,0
0011300104,375,2,5,3,8:39 PM,3:44,MISS Biyombo 1' Layup,,,,,4,202687,Bismack Biyombo,1610612766.0,Charlotte,Bobcats,CHA,0,0,,,,,,0,0,,,,,,0
0011300104,376,4,0,3,8:39 PM,3:43,,,Thompson REBOUND (Off:2 Def:6),,,5,202684,Tristan Thompson,1610612739.0,Cleveland,Cavaliers,CLE,0,0,,,,,,0,0,,,,,,0
0011300104,377,2,5,3,8:39 PM,3:30,Biyombo BLOCK (2 BLK),,MISS Bennett 1' Layup,,,5,203461,Anthony Bennett,1610612739.0,Cleveland,Cavaliers,CLE,0,0,,,,,,4,202687,Bismack Biyombo,1610612766.0,Charlotte,Bobcats,CHA,0
0011300104,378,4,0,3,8:39 PM,3:28,Zeller REBOUND (Off:2 Def:1),,,,,4,203469,Cody Zeller,1610612766.0,Charlotte,Bobcats,CHA,0,0,,,,,,0,0,,,,,,0
0011300104,380,6,1,3,8:39 PM,3:23,,,Jack P.FOUL (P1.T2),,,5,101127,Jarrett Jack,1610612739.0,Cleveland,Cavaliers,CLE,4,201945,Gerald Henderson,1610612766.0,Charlotte,Bobcats,CHA,1,0,,,,,,0
0011300104,383,5,2,3,8:40 PM,3:09,Sessions Lost Ball Turnover (P2.T6),,Thompson STEAL (1 STL),,,4,201196,Ramon Sessions,1610612766.0,Charlotte,Bobcats,CHA,5,202684,Tristan Thompson,1610612739.0,Cleveland,Cavaliers,CLE,0,0,,,,,,0
0011300104,381,10,0,3,8:40 PM,3:09,Jump Ball Sessions vs. Thompson: Tip to Irving,,,,,4,201196,Ramon Sessions,1610612766.0,Charlotte,Bobcats,CHA,5,202684,Tristan Thompson,1610612739.0,Cleveland,Cavaliers,CLE,5,202681,Kyrie Irving,1610612739.0,Cleveland,Cavaliers,CLE,0
0011300104,384,6,1,3,8:41 PM,3:00,Henderson P.FOUL (P3.T3),,,,,4,201945,Gerald Henderson,1610612766.0,Charlotte,Bobcats,CHA,5,202684,Tristan Thompson,1610612739.0,Cleveland,Cavaliers,CLE,1,0,,,,,,0
0011300104,385,8,0,3,8:41 PM,3:00,,,SUB: Dellavedova FOR Jack,,,5,101127,Jarrett Jack,1610612739.0,Cleveland,Cavaliers,CLE,5,203521,Matthew Dellavedova,1610612739.0,Cleveland,Cavaliers,CLE,0,0,,,,,,0
0011300104,386,5,1,3,8:41 PM,2:53,Sessions STEAL (1 STL),,Bennett Bad Pass Turnover (P1.T14),,,5,203461,Anthony Bennett,1610612739.0,Cleveland,Cavaliers,CLE,4,201196,Ramon Sessions,1610612766.0,Charlotte,Bobcats,CHA,0,0,,,,,,0
0011300104,387,6,2,3,8:41 PM,2:46,,,Bennett S.FOUL (P5.T3),,,5,203461,Anthony Bennett,1610612739.0,Cleveland,Cavaliers,CLE,4,203469,Cody Zeller,1610612766.0,Charlotte,Bobcats,CHA,1,0,,,,,,0
0011300104,388,9,1,3,8:41 PM,2:46,BOBCATS Timeout: Regular (Full 3 Short 1),,,,,2,1610612766,,,,,,0,0,,,,,,0,0,,,,,,0
0011300104,390,8,0,3,8:43 PM,2:46,SUB: Taylor FOR Henderson,,,,,4,201945,Gerald Henderson,1610612766.0,Charlotte,Bobcats,CHA,4,203106,Jeffery Taylor,1610612766.0,Charlotte,Bobcats,CHA,0,0,,,,,,0
0011300104,392,3,11,3,8:44 PM,2:46,Zeller Free Throw 1 of 2 (9 PTS),,,64 - 74,10,4,203469,Cody Zeller,1610612766.0,Charlotte,Bobcats,CHA,0,0,,,,,,0,0,,,,,,0
0011300104,394,3,12,3,8:44 PM,2:46,Zeller Free Throw 2 of 2 (10 PTS),,,64 - 75,11,4,203469,Cody Zeller,1610612766.0,Charlotte,Bobcats,CHA,0,0,,,,,,0,0,,,,,,0
0011300104,396,6,2,3,8:44 PM,2:35,Sessions S.FOUL (P1.T4),,,,,4,201196,Ramon Sessions,1610612766.0,Charlotte,Bobcats,CHA,5,202681,Kyrie Irving,1610612739.0,Cleveland,Cavaliers,CLE,1,0,,,,,,0
0011300104,397,3,11,3,8:45 PM,2:35,,,MISS Irving Free Throw 1 of 2,,,5,202681,Kyrie Irving,1610612739.0,Cleveland,Cavaliers,CLE,0,0,,,,,,0,0,,,,,,0
0011300104,398,4,1,3,8:45 PM,2:35,,,Cavaliers Rebound,,,3,1610612739,,,,,,0,0,,,,,,0,0,,,,,,0
0011300104,399,3,12,3,8:45 PM,2:35,,,Irving Free Throw 2 of 2 (13 PTS),65 - 75,10,5,202681,Kyrie Irving,1610612739.0,Cleveland,Cavaliers,CLE,0,0,,,,,,0,0,,,,,,0
0011300104,401,2,78,3,8:45 PM,2:22,MISS Zeller 4' Floating Jump Shot,,,,,4,203469,Cody Zeller,1610612766.0,Charlotte,Bobcats,CHA,0,0,,,,,,0,0,,,,,,0
0011300104,403,4,0,3,8:45 PM,2:21,Zeller REBOUND (Off:3 Def:1),,,,,4,203469,Cody Zeller,1610612766.0,Charlotte,Bobcats,CHA,0,0,,,,,,0,0,,,,,,0
0011300104,402,2,5,3,8:45 PM,2:21,MISS Zeller 2' Layup,,Thompson BLOCK (1 BLK),,,4,203469,Cody Zeller,1610612766.0,Charlotte,Bobcats,CHA,0,0,,,,,,5,202684,Tristan Thompson,1610612739.0,Cleveland,Cavaliers,CLE,0
0011300104,404,4,0,3,8:45 PM,2:19,Zeller REBOUND (Off:4 Def:1),,,,,4,203469,Cody Zeller,1610612766.0,Charlotte,Bobcats,CHA,0,0,,,,,,0,0,,,,,,0
0011300104,405,10,0,3,8:46 PM,2:19,Jump Ball Zeller vs. Bennett: Tip to Biyombo,,,,,4,203469,Cody Zeller,1610612766.0,Charlotte,Bobcats,CHA,5,203461,Anthony Bennett,1610612739.0,Cleveland,Cavaliers,CLE,4,202687,Bismack Biyombo,1610612766.0,Charlotte,Bobcats,CHA,0
0011300104,406,2,1,3,8:46 PM,2:08,MISS Taylor 25' 3PT Jump Shot,,,,,4,203106,Jeffery Taylor,1610612766.0,Charlotte,Bobcats,CHA,0,0,,,,,,0,0,,,,,,0
0011300104,407,4,0,3,8:46 PM,2:06,,,Irving REBOUND (Off:3 Def:2),,,5,202681,Kyrie Irving,1610612739.0,Cleveland,Cavaliers,CLE,0,0,,,,,,0,0,,,,,,0
0011300104,408,1,42,3,8:46 PM,1:57,,,Irving 1' Driving Layup (15 PTS),67 - 75,8,5,202681,Kyrie Irving,1610612739.0,Cleveland,Cavaliers,CLE,0,0,,,,,,0,0,,,,,,0
0011300104,409,1,1,3,8:46 PM,1:45,Sessions 20' Jump Shot (8 PTS) (Zeller 2 AST),,,67 - 77,10,4,201196,Ramon Sessions,1610612766.0,Charlotte,Bobcats,CHA,4,203469,Cody Zeller,1610612766.0,Charlotte,Bobcats,CHA,0,0,,,,,,0
0011300104,410,1,1,3,8:47 PM,1:23,,,Irving 18' Jump Shot (17 PTS) (Bennett 1 AST),69 - 77,8,5,202681,Kyrie Irving,1610612739.0,Cleveland,Cavaliers,CLE,5,203461,Anthony Bennett,1610612739.0,Cleveland,Cavaliers,CLE,0,0,,,,,,0
0011300104,411,5,1,3,8:47 PM,1:10,Taylor Bad Pass Turnover (P2.T7),,,,,4,203106,Jeffery Taylor,1610612766.0,Charlotte,Bobcats,CHA,0,0,,,,,,0,0,,,,,,0
0011300104,412,2,78,3,8:47 PM,0:55,,,MISS Irving 8' Floating Jump Shot,,,5,202681,Kyrie Irving,1610612739.0,Cleveland,Cavaliers,CLE,0,0,,,,,,0,0,,,,,,0
0011300104,413,4,0,3,8:47 PM,0:53,,,Cavaliers Rebound,,,3,1610612739,,,,,,0,0,,,,,,0,0,,,,,,0
0011300104,414,1,1,3,8:47 PM,0:47,,,Irving 27' 3PT Jump Shot (20 PTS),72 - 77,5,5,202681,Kyrie Irving,1610612739.0,Cleveland,Cavaliers,CLE,0,0,,,,,,0,0,,,,,,0
0011300104,415,6,1,3,8:48 PM,0:36,,,Thompson P.FOUL (P3.T4),,,5,202684,Tristan Thompson,1610612739.0,Cleveland,Cavaliers,CLE,4,201196,Ramon Sessions,1610612766.0,Charlotte,Bobcats,CHA,1,0,,,,,,0
0011300104,416,1,44,3,8:48 PM,0:33,Tolliver 1' Reverse Layup (3 PTS) (Taylor 3 AST),,,72 - 79,7,4,201229,Anthony Tolliver,1610612766.0,Charlotte,Bobcats,CHA,4,203106,Jeffery Taylor,1610612766.0,Charlotte,Bobcats,CHA,0,0,,,,,,0
0011300104,417,5,1,3,8:48 PM,0:19,,,Bennett Bad Pass Turnover (P2.T15),,,5,203461,Anthony Bennett,1610612739.0,Cleveland,Cavaliers,CLE,0,0,,,,,,0,0,,,,,,0
0011300104,418,5,4,3,8:49 PM,0:00,Zeller Traveling Turnover (P2.T8),,,,,4,203469,Cody Zeller,1610612766.0,Charlotte,Bobcats,CHA,0,0,,,,,,1,0,,,,,,0
0011300104,419,13,0,3,8:49 PM,0:00,,End of 3rd Period (8:49 PM EST),,72 - 79,7,0,0,,,,,,0,0,,,,,,0,0,,,,,,0
0011300104,421,12,0,4,8:52 PM,12:00,,Start of 4th Period (8:52 PM EST),,72 - 79,7,0,0,,,,,,0,0,,,,,,0,0,,,,,,0
0011300104,422,1,1,4,8:52 PM,11:38,,,Taylor 20' Jump Shot (4 PTS) (Williams 1 AST),74 - 79,5,5,201966,Jermaine Taylor,1610612739.0,Cleveland,Cavaliers,CLE,5,202343,Elliot Williams,1610612739.0,Cleveland,Cavaliers,CLE,0,0,,,,,,0
0011300104,423,2,1,4,8:53 PM,11:16,MISS McRoberts 26' 3PT Jump Shot,,,,,4,201177,Josh McRoberts,1610612766.0,Charlotte,Bobcats,CHA,0,0,,,,,,0,0,,,,,,0
0011300104,424,4,0,4,8:53 PM,11:14,,,Williams REBOUND (Off:0 Def:1),,,5,202343,Elliot Williams,1610612739.0,Cleveland,Cavaliers,CLE,0,0,,,,,,0,0,,,,,,0
0011300104,425,2,80,4,8:53 PM,11:00,,,MISS Taylor 17' Step Back Jump Shot,,,5,201966,Jermaine Taylor,1610612739.0,Cleveland,Cavaliers,CLE,0,0,,,,,,0,0,,,,,,0
0011300104,426,4,0,4,8:53 PM,10:58,McRoberts REBOUND (Off:1 Def:4),,,,,4,201177,Josh McRoberts,1610612766.0,Charlotte,Bobcats,CHA,0,0,,,,,,0,0,,,,,,0
0011300104,427,6,2,4,8:53 PM,10:43,,,Sims S.FOUL (P2.T1),,,5,203156,Henry Sims,1610612739.0,Cleveland,Cavaliers,CLE,4,201196,Ramon Sessions,1610612766.0,Charlotte,Bobcats,CHA,1,0,,,,,,0
0011300104,428,3,11,4,8:54 PM,10:43,Sessions Free Throw 1 of 2 (9 PTS),,,74 - 80,6,4,201196,Ramon Sessions,1610612766.0,Charlotte,Bobcats,CHA,0,0,,,,,,0,0,,,,,,0
0011300104,430,3,12,4,8:54 PM,10:43,MISS Sessions Free Throw 2 of 2,,,,,4,201196,Ramon Sessions,1610612766.0,Charlotte,Bobcats,CHA,0,0,,,,,,0,0,,,,,,0
0011300104,432,4,0,4,8:54 PM,10:41,,,Sims REBOUND (Off:2 Def:5),,,5,203156,Henry Sims,1610612739.0,Cleveland,Cavaliers,CLE,0,0,,,,,,0,0,,,,,,0
0011300104,433,1,44,4,8:54 PM,10:24,,,Taylor 1' Reverse Layup (6 PTS) (Sims 1 AST),76 - 80,4,5,201966,Jermaine Taylor,1610612739.0,Cleveland,Cavaliers,CLE,5,203156,Henry Sims,1610612739.0,Cleveland,Cavaliers,CLE,0,0,,,,,,0
0011300104,434,1,1,4,8:55 PM,10:13,Taylor 19' Jump Shot (15 PTS) (McRoberts 4 AST),,,76 - 82,6,4,203106,Jeffery Taylor,1610612766.0,Charlotte,Bobcats,CHA,4,201177,Josh McRoberts,1610612766.0,Charlotte,Bobcats,CHA,0,0,,,,,,0
0011300104,435,2,1,4,8:55 PM,9:54,,,MISS Williams 26' 3PT Jump Shot,,,5,202343,Elliot Williams,1610612739.0,Cleveland,Cavaliers,CLE,0,0,,,,,,0,0,,,,,,0
0011300104,437,4,0,4,8:55 PM,9:54,,,Cavaliers Rebound,,,3,1610612739,,,,,,0,0,,,,,,0,0,,,,,,0
0011300104,436,10,0,4,8:55 PM,9:54,Jump Ball Tolliver vs. Sims: Tip to Dellavedova,,,,,4,201229,Anthony Tolliver,1610612766.0,Charlotte,Bobcats,CHA,5,203156,Henry Sims,1610612739.0,Cleveland,Cavaliers,CLE,5,203521,Matthew Dellavedova,1610612739.0,Cleveland,Cavaliers,CLE,0
0011300104,438,2,1,4,8:56 PM,9:42,,,MISS Kadji 25' 3PT Jump Shot,,,5,203483,Kenny Kadji,1610612739.0,Cleveland,Cavaliers,CLE,0,0,,,,,,0,0,,,,,,0
0011300104,439,4,0,4,8:56 PM,9:41,Taylor REBOUND (Off:0 Def:2),,,,,4,203106,Jeffery Taylor,1610612766.0,Charlotte,Bobcats,CHA,0,0,,,,,,0,0,,,,,,0
0011300104,440,6,2,4,8:56 PM,9:34,,,Sims S.FOUL (P3.T2),,,5,203156,Henry Sims,1610612739.0,Cleveland,Cavaliers,CLE,4,203469,Cody Zeller,1610612766.0,Charlotte,Bobcats,CHA,1,0,,,,,,0
0011300104,441,3,11,4,8:56 PM,9:34,MISS Zeller Free Throw 1 of 2,,,,,4,203469,Cody Zeller,1610612766.0,Charlotte,Bobcats,CHA,0,0,,,,,,0,0,,,,,,0
0011300104,442,4,1,4,8:56 PM,9:34,BOBCATS Rebound,,,,,2,1610612766,,,,,,0,0,,,,,,0,0,,,,,,0
0011300104,443,3,12,4,8:56 PM,9:34,Zeller Free Throw 2 of 2 (11 PTS),,,76 - 83,7,4,203469,Cody Zeller,1610612766.0,Charlotte,Bobcats,CHA,0,0,,,,,,0,0,,,,,,0
0011300104,445,1,42,4,8:57 PM,9:12,,,Dellavedova 1' Driving Layup (2 PTS),78 - 83,5,5,203521,Matthew Dellavedova,1610612739.0,Cleveland,Cavaliers,CLE,0,0,,,,,,0,0,,,,,,0
0011300104,446,2,5,4,8:57 PM,8:53,MISS Sessions 1' Layup,,,,,4,201196,Ramon Sessions,1610612766.0,Charlotte,Bobcats,CHA,0,0,,,,,,0,0,,,,,,0
0011300104,448,4,0,4,8:57 PM,8:52,Zeller REBOUND (Off:5 Def:1),,,,,4,203469,Cody Zeller,1610612766.0,Charlotte,Bobcats,CHA,0,0,,,,,,0,0,,,,,,0
0011300104,447,1,5,4,8:57 PM,8:52,Zeller 1' Layup (13 PTS),,,78 - 85,7,4,203469,Cody Zeller,1610612766.0,Charlotte,Bobcats,CHA,0,0,,,,,,0,0,,,,,,0
0011300104,449,7,1,4,8:57 PM,8:50,BOBCATS Violation: Delay of game Violation,,,,,2,1610612766,,,,,,0,0,,,,,,1,0,,,,,,0
0011300104,450,2,1,4,8:57 PM,8:37,,,MISS Sims 18' Jump Shot,,,5,203156,Henry Sims,1610612739.0,Cleveland,Cavaliers,CLE,0,0,,,,,,0,0,,,,,,0
0011300104,451,4,0,4,8:57 PM,8:36,McRoberts REBOUND (Off:1 Def:5),,,,,4,201177,Josh McRoberts,1610612766.0,Charlotte,Bobcats,CHA,0,0,,,,,,0,0,,,,,,0
0011300104,452,6,2,4,8:58 PM,8:26,,,Williams S.FOUL (P1.T3),,,5,202343,Elliot Williams,1610612739.0,Cleveland,Cavaliers,CLE,4,203106,Jeffery Taylor,1610612766.0,Charlotte,Bobcats,CHA,1,0,,,,,,0
0011300104,453,9,4,4,8:58 PM,8:26,,Timeout: Official,,,,1,0,,,,,,0,0,,,,,,0,0,,,,,,0
0011300104,457,3,11,4,9:00 PM,8:26,Taylor Free Throw 1 of 2 (16 PTS),,,78 - 86,8,4,203106,Jeffery Taylor,1610612766.0,Charlotte,Bobcats,CHA,0,0,,,,,,0,0,,,,,,0
0011300104,459,3,12,4,9:00 PM,8:26,Taylor Free Throw 2 of 2 (17 PTS),,,78 - 87,9,4,203106,Jeffery Taylor,1610612766.0,Charlotte,Bobcats,CHA,0,0,,,,,,0,0,,,,,,0
0011300104,461,1,5,4,9:01 PM,8:12,,,Williams 2' Layup (2 PTS) (Taylor 2 AST),80 - 87,7,5,202343,Elliot Williams,1610612739.0,Cleveland,Cavaliers,CLE,5,201966,Jermaine Taylor,1610612739.0,Cleveland,Cavaliers,CLE,0,0,,,,,,0
0011300104,462,1,1,4,9:01 PM,7:50,Taylor  3PT Jump Shot (20 PTS) (McRoberts 5 AST),,,80 - 90,10,4,203106,Jeffery Taylor,1610612766.0,Charlotte,Bobcats,CHA,4,201177,Josh McRoberts,1610612766.0,Charlotte,Bobcats,CHA,0,0,,,,,,0
0011300104,463,6,1,4,9:01 PM,7:42,Tolliver P.FOUL (P2.T1),,,,,4,201229,Anthony Tolliver,1610612766.0,Charlotte,Bobcats,CHA,5,201966,Jermaine Taylor,1610612739.0,Cleveland,Cavaliers,CLE,1,0,,,,,,0
0011300104,464,8,0,4,9:01 PM,7:42,SUB: Walker FOR McRoberts,,,,,4,201177,Josh McRoberts,1610612766.0,Charlotte,Bobcats,CHA,4,202689,Kemba Walker,1610612766.0,Charlotte,Bobcats,CHA,0,0,,,,,,0
0011300104,465,1,1,4,9:02 PM,7:31,,,Taylor 25' 3PT Jump Shot (9 PTS) (Sims 2 AST),83 - 90,7,5,201966,Jermaine Taylor,1610612739.0,Cleveland,Cavaliers,CLE,5,203156,Henry Sims,1610612739.0,Cleveland,Cavaliers,CLE,0,0,,,,,,0
0011300104,466,2,1,4,9:02 PM,7:06,MISS Walker 26' 3PT Jump Shot,,,,,4,202689,Kemba Walker,1610612766.0,Charlotte,Bobcats,CHA,0,0,,,,,,0,0,,,,,,0
0011300104,467,4,0,4,9:02 PM,7:05,,,Sims REBOUND (Off:2 Def:6),,,5,203156,Henry Sims,1610612739.0,Cleveland,Cavaliers,CLE,0,0,,,,,,0,0,,,,,,0
0011300104,468,1,1,4,9:02 PM,6:43,,,Kadji 7' Jump Shot (2 PTS) (Williams 2 AST),85 - 90,5,5,203483,Kenny Kadji,1610612739.0,Cleveland,Cavaliers,CLE,5,202343,Elliot Williams,1610612739.0,Cleveland,Cavaliers,CLE,0,0,,,,,,0
0011300104,469,1,1,4,9:03 PM,6:30,Tolliver 26' 3PT Jump Shot (6 PTS) (Walker 4 AST),,,85 - 93,8,4,201229,Anthony Tolliver,1610612766.0,Charlotte,Bobcats,CHA,4,202689,Kemba Walker,1610612766.0,Charlotte,Bobcats,CHA,0,0,,,,,,0
0011300104,470,2,1,4,9:03 PM,6:10,,,MISS Williams 17' Jump Shot,,,5,202343,Elliot Williams,1610612739.0,Cleveland,Cavaliers,CLE,0,0,,,,,,0,0,,,,,,0
0011300104,471,4,0,4,9:03 PM,6:07,,,Taylor REBOUND (Off:1 Def:1),,,5,201966,Jermaine Taylor,1610612739.0,Cleveland,Cavaliers,CLE,0,0,,,,,,0,0,,,,,,0
0011300104,472,2,5,4,9:03 PM,6:04,,,MISS Taylor 2' Layup,,,5,201966,Jermaine Taylor,1610612739.0,Cleveland,Cavaliers,CLE,0,0,,,,,,0,0,,,,,,0
0011300104,473,4,0,4,9:03 PM,6:02,Zeller REBOUND (Off:5 Def:2),,,,,4,203469,Cody Zeller,1610612766.0,Charlotte,Bobcats,CHA,0,0,,,,,,0,0,,,,,,0
0011300104,474,2,1,4,9:03 PM,5:54,MISS Sessions 25' 3PT Jump Shot,,,,,4,201196,Ramon Sessions,1610612766.0,Charlotte,Bobcats,CHA,0,0,,,,,,0,0,,,,,,0
0011300104,475,4,0,4,9:03 PM,5:51,,,Williams REBOUND (Off:0 Def:2),,,5,202343,Elliot Williams,1610612739.0,Cleveland,Cavaliers,CLE,0,0,,,,,,0,0,,,,,,0
0011300104,476,2,1,4,9:03 PM,5:41,,,MISS Kadji 25' 3PT Jump Shot,,,5,203483,Kenny Kadji,1610612739.0,Cleveland,Cavaliers,CLE,0,0,,,,,,0,0,,,,,,0
0011300104,477,4,0,4,9:03 PM,5:40,Walker REBOUND (Off:0 Def:3),,,,,4,202689,Kemba Walker,1610612766.0,Charlotte,Bobcats,CHA,0,0,,,,,,0,0,,,,,,0
0011300104,478,2,5,4,9:04 PM,5:23,MISS Walker 2' Layup,,,,,4,202689,Kemba Walker,1610612766.0,Charlotte,Bobcats,CHA,0,0,,,,,,0,0,,,,,,0
0011300104,480,4,0,4,9:04 PM,5:21,Zeller REBOUND (Off:6 Def:2),,,,,4,203469,Cody Zeller,1610612766.0,Charlotte,Bobcats,CHA,0,0,,,,,,0,0,,,,,,0
0011300104,479,2,5,4,9:04 PM,5:21,MISS Zeller 1' Layup,,,,,4,203469,Cody Zeller,1610612766.0,Charlotte,Bobcats,CHA,0,0,,,,,,0,0,,,,,,0
0011300104,481,4,0,4,9:04 PM,5:19,,,Taylor REBOUND (Off:1 Def:2),,,5,201966,Jermaine Taylor,1610612739.0,Cleveland,Cavaliers,CLE,0,0,,,,,,0,0,,,,,,0
0011300104,482,2,5,4,9:04 PM,5:14,,,MISS Taylor 2' Layup,,,5,201966,Jermaine Taylor,1610612739.0,Cleveland,Cavaliers,CLE,0,0,,,,,,0,0,,,,,,0
0011300104,484,4,0,4,9:04 PM,5:13,,,Williams REBOUND (Off:1 Def:2),,,5,202343,Elliot Williams,1610612739.0,Cleveland,Cavaliers,CLE,0,0,,,,,,0,0,,,,,,0
0011300104,483,1,87,4,9:04 PM,5:13,,,Williams  Putback Dunk (4 PTS),87 - 93,6,5,202343,Elliot Williams,1610612739.0,Cleveland,Cavaliers,CLE,0,0,,,,,,0,0,,,,,,0
0011300104,485,9,1,4,9:04 PM,5:11,BOBCATS Timeout: Regular (Full 4 Short 1),,,,,2,1610612766,,,,,,0,0,,,,,,0,0,,,,,,0
0011300104,487,8,0,4,9:06 PM,5:11,SUB: Biyombo FOR Taylor,,,,,4,203106,Jeffery Taylor,1610612766.0,Charlotte,Bobcats,CHA,4,202687,Bismack Biyombo,1610612766.0,Charlotte,Bobcats,CHA,0,0,,,,,,0
0011300104,488,8,0,4,9:06 PM,5:11,SUB: Henderson FOR Zeller,,,,,4,203469,Cody Zeller,1610612766.0,Charlotte,Bobcats,CHA,4,201945,Gerald Henderson,1610612766.0,Charlotte,Bobcats,CHA,0,0,,,,,,0
0011300104,489,8,0,4,9:06 PM,5:11,,,SUB: Bennett FOR Sims,,,5,203156,Henry Sims,1610612739.0,Cleveland,Cavaliers,CLE,5,203461,Anthony Bennett,1610612739.0,Cleveland,Cavaliers,CLE,0,0,,,,,,0
0011300104,490,2,1,4,9:06 PM,5:00,MISS Tolliver 26' 3PT Jump Shot,,,,,4,201229,Anthony Tolliver,1610612766.0,Charlotte,Bobcats,CHA,0,0,,,,,,0,0,,,,,,0
0011300104,491,4,0,4,9:06 PM,4:59,,,Williams REBOUND (Off:1 Def:3),,,5,202343,Elliot Williams,1610612739.0,Cleveland,Cavaliers,CLE,0,0,,,,,,0,0,,,,,,0
0011300104,492,2,5,4,9:07 PM,4:50,,,MISS Dellavedova 1' Layup,,,5,203521,Matthew Dellavedova,1610612739.0,Cleveland,Cavaliers,CLE,0,0,,,,,,0,0,,,,,,0
0011300104,493,4,0,4,9:07 PM,4:50,BOBCATS Rebound,,,,,2,1610612766,,,,,,0,0,,,,,,0,0,,,,,,0
0011300104,494,6,2,4,9:07 PM,4:40,,,Dellavedova S.FOUL (P2.T4),,,5,203521,Matthew Dellavedova,1610612739.0,Cleveland,Cavaliers,CLE,4,202687,Bismack Biyombo,1610612766.0,Charlotte,Bobcats,CHA,1,0,,,,,,0
0011300104,495,3,11,4,9:07 PM,4:40,Biyombo Free Throw 1 of 2 (5 PTS),,,87 - 94,7,4,202687,Bismack Biyombo,1610612766.0,Charlotte,Bobcats,CHA,0,0,,,,,,0,0,,,,,,0
0011300104,541,7,3,4,9:07 PM,4:40,,,Kadji Violation:Lane,,,5,203483,Kenny Kadji,1610612739.0,Cleveland,Cavaliers,CLE,0,0,,,,,,1,0,,,,,,0
0011300104,500,3,12,4,9:08 PM,4:40,MISS Biyombo Free Throw 2 of 2,,,,,4,202687,Bismack Biyombo,1610612766.0,Charlotte,Bobcats,CHA,0,0,,,,,,0,0,,,,,,0
0011300104,503,4,0,4,9:08 PM,4:37,,,Cavaliers Rebound,,,3,1610612739,,,,,,0,0,,,,,,0,0,,,,,,0
0011300104,504,6,1,4,9:08 PM,4:35,Biyombo P.FOUL (P4.T2),,,,,4,202687,Bismack Biyombo,1610612766.0,Charlotte,Bobcats,CHA,5,202343,Elliot Williams,1610612739.0,Cleveland,Cavaliers,CLE,1,0,,,,,,0
0011300104,505,1,1,4,9:08 PM,4:25,,,Bennett 25' 3PT Jump Shot (8 PTS) (Taylor 3 AST),90 - 94,4,5,203461,Anthony Bennett,1610612739.0,Cleveland,Cavaliers,CLE,5,201966,Jermaine Taylor,1610612739.0,Cleveland,Cavaliers,CLE,0,0,,,,,,0
0011300104,506,1,1,4,9:09 PM,4:05,Walker 16' Jump Shot (13 PTS) (Tolliver 1 AST),,,90 - 96,6,4,202689,Kemba Walker,1610612766.0,Charlotte,Bobcats,CHA,4,201229,Anthony Tolliver,1610612766.0,Charlotte,Bobcats,CHA,0,0,,,,,,0
0011300104,507,2,1,4,9:09 PM,3:51,,,MISS Bennett 26' 3PT Jump Shot,,,5,203461,Anthony Bennett,1610612739.0,Cleveland,Cavaliers,CLE,0,0,,,,,,0,0,,,,,,0
0011300104,508,4,0,4,9:09 PM,3:48,Walker REBOUND (Off:0 Def:4),,,,,4,202689,Kemba Walker,1610612766.0,Charlotte,Bobcats,CHA,0,0,,,,,,0,0,,,,,,0
0011300104,509,2,1,4,9:09 PM,3:42,MISS Walker 18' Jump Shot,,,,,4,202689,Kemba Walker,1610612766.0,Charlotte,Bobcats,CHA,0,0,,,,,,0,0,,,,,,0
0011300104,510,4,0,4,9:09 PM,3:39,,,Taylor REBOUND (Off:1 Def:3),,,5,201966,Jermaine Taylor,1610612739.0,Cleveland,Cavaliers,CLE,0,0,,,,,,0,0,,,,,,0
0011300104,511,5,2,4,9:09 PM,3:33,Biyombo STEAL (1 STL),,Taylor Lost Ball Turnover (P1.T16),,,5,201966,Jermaine Taylor,1610612739.0,Cleveland,Cavaliers,CLE,4,202687,Bismack Biyombo,1610612766.0,Charlotte,Bobcats,CHA,0,0,,,,,,0
0011300104,512,6,26,4,9:09 PM,3:31,Walker Offensive Charge Foul (P4.T3),,,,,4,202689,Kemba Walker,1610612766.0,Charlotte,Bobcats,CHA,5,203521,Matthew Dellavedova,1610612739.0,Cleveland,Cavaliers,CLE,1,0,,,,,,0
0011300104,513,5,5,4,9:09 PM,3:31,Walker Foul Turnover (P1.T9),,,,,4,202689,Kemba Walker,1610612766.0,Charlotte,Bobcats,CHA,0,0,,,,,,1,0,,,,,,0
0011300104,514,5,1,4,9:10 PM,3:18,Sessions STEAL (2 STL),,Dellavedova Bad Pass Turnover (P1.T17),,,5,203521,Matthew Dellavedova,1610612739.0,Cleveland,Cavaliers,CLE,4,201196,Ramon Sessions,1610612766.0,Charlotte,Bobcats,CHA,0,0,,,,,,0
0011300104,515,6,1,4,9:10 PM,3:09,,,Taylor P.FOUL (P2.PN),,,5,201966,Jermaine Taylor,1610612739.0,Cleveland,Cavaliers,CLE,4,201945,Gerald Henderson,1610612766.0,Charlotte,Bobcats,CHA,1,0,,,,,,0
0011300104,516,3,11,4,9:10 PM,3:09,Henderson Free Throw 1 of 2 (15 PTS),,,90 - 97,7,4,201945,Gerald Henderson,1610612766.0,Charlotte,Bobcats,CHA,0,0,,,,,,0,0,,,,,,0
0011300104,518,8,0,4,9:11 PM,3:09,,,SUB: Sims FOR Kadji,,,5,203483,Kenny Kadji,1610612739.0,Cleveland,Cavaliers,CLE,5,203156,Henry Sims,1610612739.0,Cleveland,Cavaliers,CLE,0,0,,,,,,0
0011300104,519,3,12,4,9:11 PM,3:09,Henderson Free Throw 2 of 2 (16 PTS),,,90 - 98,8,4,201945,Gerald Henderson,1610612766.0,Charlotte,Bobcats,CHA,0,0,,,,,,0,0,,,,,,0
0011300104,521,5,1,4,9:11 PM,2:51,Walker STEAL (2 STL),,Taylor Bad Pass Turnover (P2.T18),,,5,201966,Jermaine Taylor,1610612739.0,Cleveland,Cavaliers,CLE,4,202689,Kemba Walker,1610612766.0,Charlotte,Bobcats,CHA,0,0,,,,,,0
0011300104,522,1,5,4,9:11 PM,2:45,Sessions 2' Layup (11 PTS) (Walker 5 AST),,,90 - 100,10,4,201196,Ramon Sessions,1610612766.0,Charlotte,Bobcats,CHA,4,202689,Kemba Walker,1610612766.0,Charlotte,Bobcats,CHA,0,0,,,,,,0
0011300104,523,1,77,4,9:12 PM,2:21,,,Taylor 3' Driving Jump Shot (11 PTS),92 - 100,8,5,201966,Jermaine Taylor,1610612739.0,Cleveland,Cavaliers,CLE,0,0,,,,,,0,0,,,,,,0
0011300104,524,2,1,4,9:12 PM,2:00,MISS Tolliver 18' Jump Shot,,,,,4,201229,Anthony Tolliver,1610612766.0,Charlotte,Bobcats,CHA,0,0,,,,,,0,0,,,,,,0
0011300104,525,4,0,4,9:12 PM,1:59,,,Williams REBOUND (Off:1 Def:4),,,5,202343,Elliot Williams,1610612739.0,Cleveland,Cavaliers,CLE,0,0,,,,,,0,0,,,,,,0
0011300104,526,2,1,4,9:12 PM,1:42,,,MISS Williams 19' Jump Shot,,,5,202343,Elliot Williams,1610612739.0,Cleveland,Cavaliers,CLE,0,0,,,,,,0,0,,,,,,0
0011300104,527,4,0,4,9:12 PM,1:40,,,Bennett REBOUND (Off:1 Def:1),,,5,203461,Anthony Bennett,1610612739.0,Cleveland,Cavaliers,CLE,0,0,,,,,,0,0,,,,,,0
0011300104,528,2,5,4,9:12 PM,1:38,,,MISS Bennett 1' Layup,,,5,203461,Anthony Bennett,1610612739.0,Cleveland,Cavaliers,CLE,0,0,,,,,,0,0,,,,,,0
0011300104,529,4,0,4,9:12 PM,1:35,Sessions REBOUND (Off:0 Def:3),,,,,4,201196,Ramon Sessions,1610612766.0,Charlotte,Bobcats,CHA,0,0,,,,,,0,0,,,,,,0
0011300104,530,1,7,4,9:12 PM,1:27,Biyombo 2' Dunk (7 PTS) (Sessions 3 AST),,,92 - 102,10,4,202687,Bismack Biyombo,1610612766.0,Charlotte,Bobcats,CHA,4,201196,Ramon Sessions,1610612766.0,Charlotte,Bobcats,CHA,0,0,,,,,,0
0011300104,531,2,5,4,9:13 PM,1:13,,,MISS Sims 3' Layup,,,5,203156,Henry Sims,1610612739.0,Cleveland,Cavaliers,CLE,0,0,,,,,,0,0,,,,,,0
0011300104,532,4,0,4,9:13 PM,1:11,Tolliver REBOUND (Off:0 Def:1),,,,,4,201229,Anthony Tolliver,1610612766.0,Charlotte,Bobcats,CHA,0,0,,,,,,0,0,,,,,,0
0011300104,533,1,1,4,9:13 PM,0:51,Henderson 26' 3PT Jump Shot (19 PTS),,,92 - 105,13,4,201945,Gerald Henderson,1610612766.0,Charlotte,Bobcats,CHA,0,0,,,,,,0,0,,,,,,0
0011300104,534,2,1,4,9:14 PM,0:38,,,MISS Bennett 25' 3PT Jump Shot,,,5,203461,Anthony Bennett,1610612739.0,Cleveland,Cavaliers,CLE,0,0,,,,,,0,0,,,,,,0
0011300104,535,4,0,4,9:14 PM,0:37,Biyombo REBOUND (Off:3 Def:3),,,,,4,202687,Bismack Biyombo,1610612766.0,Charlotte,Bobcats,CHA,0,0,,,,,,0,0,,,,,,0
0011300104,537,2,1,4,9:14 PM,0:14,MISS Tolliver 25' 3PT Jump Shot,,,,,4,201229,Anthony Tolliver,1610612766.0,Charlotte,Bobcats,CHA,0,0,,,,,,0,0,,,,,,0
0011300104,538,4,0,4,9:14 PM,0:12,Biyombo REBOUND (Off:4 Def:3),,,,,4,202687,Bismack Biyombo,1610612766.0,Charlotte,Bobcats,CHA,0,0,,,,,,0,0,,,,,,0
0011300104,539,13,0,4,9:14 PM,0:00,,End of 4th Period (9:14 PM EST),,92 - 105,13,0,0,,,,,,0,0,,,,,,0,0,,,,,,0
