GAME_ID,EVENTNUM,EVENTMSGTYPE,EVENTMSGACTIONTYPE,PERIOD,WCTIMESTRING,PCTIMESTRING,HOMEDESCRIPTION,NEUTRALDESCRIPTION,VISITORDESCRIPTION,SCORE,SCOREMARGIN,PERSON1TYPE,PLAYER1_ID,PLAYER1_NAME,PLAYER1_TEAM_ID,PLAYER1_TEAM_CITY,PLAYER1_TEAM_NICKNAME,PLAYER1_TEAM_ABBREVIATION,PERSON2TYPE,PLAYER2_ID,PLAYER2_NAME,PLAYER2_TEAM_ID,PLAYER2_TEAM_CITY,PLAYER2_TEAM_NICKNAME,PLAYER2_TEAM_ABBREVIATION,PERSON3TYPE,PLAYER3_ID,PLAYER3_NAME,PLAYER3_TEAM_ID,PLAYER3_TEAM_CITY,PLAYER3_TEAM_NICKNAME,PLAYER3_TEAM_ABBREVIATION,VIDEO_AVAILABLE_FLAG
0021201039,0,12,0,1,10:44 PM,12:00,,Start of 1st Period (10:44 PM EST),,,,0,0,,,,,,0,0,,,,,,0,0,,,,,,0
0021201039,1,10,0,1,10:44 PM,12:00,Jump Ball Bogut vs. Okafor: Tip to Curry,,,,,4,101106,Andrew Bogut,1610612744.0,Golden State,Warriors,GSW,5,2731,Emeka Okafor,1610612764.0,Washington,Wizards,WAS,4,201939,Stephen Curry,1610612744.0,Golden State,Warriors,GSW,0
0021201039,2,1,79,1,10:44 PM,11:47,Curry 19' Pullup Jump Shot (2 PTS),,,0 - 2,2,4,201939,Stephen Curry,1610612744.0,Golden State,Warriors,GSW,0,0,,,,,,0,0,,,,,,0
0021201039,3,2,80,1,10:44 PM,11:31,,,MISS Nene 14' Step Back Jump Shot,,,5,2403,Nene,1610612764.0,Washington,Wizards,WAS,0,0,,,,,,0,0,,,,,,0
0021201039,4,4,0,1,10:44 PM,11:30,Curry REBOUND (Off:0 Def:1),,,,,4,201939,Stephen Curry,1610612744.0,Golden State,Warriors,GSW,0,0,,,,,,0,0,,,,,,0
0021201039,5,2,1,1,10:44 PM,11:13,MISS Bogut 9' Jump Shot,,,,,4,101106,Andrew Bogut,1610612744.0,Golden State,Warriors,GSW,0,0,,,,,,0,0,,,,,,0
0021201039,6,4,0,1,10:44 PM,11:11,Lee REBOUND (Off:1 Def:0),,,,,4,101135,David Lee,1610612744.0,Golden State,Warriors,GSW,0,0,,,,,,0,0,,,,,,0
0021201039,7,2,79,1,10:44 PM,11:08,MISS Thompson 26' 3PT Pullup Jump Shot,,,,,4,202691,Klay Thompson,1610612744.0,Golden State,Warriors,GSW,0,0,,,,,,0,0,,,,,,0
0021201039,8,4,0,1,10:45 PM,11:07,,,Wall REBOUND (Off:0 Def:1),,,5,202322,John Wall,1610612764.0,Washington,Wizards,WAS,0,0,,,,,,0,0,,,,,,0
0021201039,9,2,79,1,10:45 PM,11:01,,,MISS Webster 27' 3PT Pullup Jump Shot,,,5,101110,Martell Webster,1610612764.0,Washington,Wizards,WAS,0,0,,,,,,0,0,,,,,,0
0021201039,10,4,0,1,10:45 PM,10:59,,,Nene REBOUND (Off:1 Def:0),,,5,2403,Nene,1610612764.0,Washington,Wizards,WAS,0,0,,,,,,0,0,,,,,,0
0021201039,11,2,1,1,10:45 PM,10:49,,,MISS Wall 18' Jump Shot,,,5,202322,John Wall,1610612764.0,Washington,Wizards,WAS,0,0,,,,,,0,0,,,,,,0
0021201039,12,4,0,1,10:45 PM,10:48,Lee REBOUND (Off:1 Def:1),,,,,4,101135,David Lee,1610612744.0,Golden State,Warriors,GSW,0,0,,,,,,0,0,,,,,,0
0021201039,13,1,46,1,10:45 PM,10:28,Barnes 13' Running Jump Shot (2 PTS) (Thompson 1 AST),,,0 - 4,4,4,203084,Harrison Barnes,1610612744.0,Golden State,Warriors,GSW,4,202691,Klay Thompson,1610612744.0,Golden State,Warriors,GSW,0,0,,,,,,0
0021201039,14,2,47,1,10:46 PM,10:11,,,MISS Nene 13' Turnaround Jump Shot,,,5,2403,Nene,1610612764.0,Washington,Wizards,WAS,0,0,,,,,,0,0,,,,,,0
0021201039,15,4,0,1,10:46 PM,10:10,Lee REBOUND (Off:1 Def:2),,,,,4,101135,David Lee,1610612744.0,Golden State,Warriors,GSW,0,0,,,,,,0,0,,,,,,0
0021201039,16,2,79,1,10:46 PM,9:58,MISS Thompson 19' Pullup Jump Shot,,,,,4,202691,Klay Thompson,1610612744.0,Golden State,Warriors,GSW,0,0,,,,,,0,0,,,,,,0
0021201039,17,4,0,1,10:46 PM,9:56,,,Okafor REBOUND (Off:0 Def:1),,,5,2731,Emeka Okafor,1610612764.0,Washington,Wizards,WAS,0,0,,,,,,0,0,,,,,,0
0021201039,18,5,21,1,10:46 PM,9:41,,,Temple Palming Turnover (P1.T1),,,5,202066,Garrett Temple,1610612764.0,Washington,Wizards,WAS,0,0,,,,,,1,0,,,,,,0
0021201039,19,1,88,1,10:47 PM,9:25,Lee 1' Driving Slam Dunk (2 PTS) (Thompson 2 AST),,,0 - 6,6,4,101135,David Lee,1610612744.0,Golden State,Warriors,GSW,4,202691,Klay Thompson,1610612744.0,Golden State,Warriors,GSW,0,0,,,,,,0
0021201039,20,2,1,1,10:47 PM,9:01,,,MISS Webster 12' Jump Shot,,,5,101110,Martell Webster,1610612764.0,Washington,Wizards,WAS,0,0,,,,,,0,0,,,,,,0
0021201039,21,4,0,1,10:47 PM,8:58,Barnes REBOUND (Off:0 Def:1),,,,,4,203084,Harrison Barnes,1610612744.0,Golden State,Warriors,GSW,0,0,,,,,,0,0,,,,,,0
0021201039,22,2,1,1,10:47 PM,8:53,MISS Curry 25' 3PT Jump Shot,,,,,4,201939,Stephen Curry,1610612744.0,Golden State,Warriors,GSW,0,0,,,,,,0,0,,,,,,0
0021201039,23,4,0,1,10:47 PM,8:52,,,Nene REBOUND (Off:1 Def:1),,,5,2403,Nene,1610612764.0,Washington,Wizards,WAS,0,0,,,,,,0,0,,,,,,0
0021201039,24,2,79,1,10:47 PM,8:42,,,MISS Wall 20' Pullup Jump Shot,,,5,202322,John Wall,1610612764.0,Washington,Wizards,WAS,0,0,,,,,,0,0,,,,,,0
0021201039,25,4,0,1,10:47 PM,8:40,Lee REBOUND (Off:1 Def:3),,,,,4,101135,David Lee,1610612744.0,Golden State,Warriors,GSW,0,0,,,,,,0,0,,,,,,0
0021201039,26,1,75,1,10:48 PM,8:28,Curry 3' Driving Finger Roll Layup (4 PTS),,,0 - 8,8,4,201939,Stephen Curry,1610612744.0,Golden State,Warriors,GSW,0,0,,,,,,0,0,,,,,,0
0021201039,27,9,1,1,10:48 PM,8:17,,,Wizards Timeout: Regular (Reg.1 Short 0),,,3,1610612764,,,,,,0,0,,,,,,0,0,,,,,,0
0021201039,29,2,5,1,10:50 PM,8:02,,,MISS Nene 1' Layup,,,5,2403,Nene,1610612764.0,Washington,Wizards,WAS,0,0,,,,,,0,0,,,,,,0
0021201039,31,4,0,1,10:50 PM,8:01,,,Okafor REBOUND (Off:1 Def:1),,,5,2731,Emeka Okafor,1610612764.0,Washington,Wizards,WAS,0,0,,,,,,0,0,,,,,,0
0021201039,30,1,4,1,10:50 PM,8:01,,,Okafor 2' Tip Shot (2 PTS),2 - 8,6,5,2731,Emeka Okafor,1610612764.0,Washington,Wizards,WAS,0,0,,,,,,0,0,,,,,,0
0021201039,32,5,21,1,10:51 PM,7:42,Thompson Palming Turnover (P1.T1),,,,,4,202691,Klay Thompson,1610612744.0,Golden State,Warriors,GSW,0,0,,,,,,1,0,,,,,,0
0021201039,33,1,58,1,10:51 PM,7:29,,,Okafor 9' Turnaround Hook Shot (4 PTS) (Nene 1 AST),4 - 8,4,5,2731,Emeka Okafor,1610612764.0,Washington,Wizards,WAS,5,2403,Nene,1610612764.0,Washington,Wizards,WAS,0,0,,,,,,0
0021201039,34,1,8,1,10:52 PM,7:05,Bogut 1' Slam Dunk (2 PTS) (Curry 1 AST),,,4 - 10,6,4,101106,Andrew Bogut,1610612744.0,Golden State,Warriors,GSW,4,201939,Stephen Curry,1610612744.0,Golden State,Warriors,GSW,0,0,,,,,,0
0021201039,35,2,1,1,10:52 PM,6:50,,,MISS Temple 19' Jump Shot,,,5,202066,Garrett Temple,1610612764.0,Washington,Wizards,WAS,0,0,,,,,,0,0,,,,,,0
0021201039,36,4,0,1,10:52 PM,6:49,,,Wall REBOUND (Off:1 Def:1),,,5,202322,John Wall,1610612764.0,Washington,Wizards,WAS,0,0,,,,,,0,0,,,,,,0
0021201039,37,6,1,1,10:52 PM,6:46,Curry P.FOUL (P1.T1),,,,,4,201939,Stephen Curry,1610612744.0,Golden State,Warriors,GSW,5,202066,Garrett Temple,1610612764.0,Washington,Wizards,WAS,1,0,,,,,,0
0021201039,38,6,2,1,10:53 PM,6:32,Bogut S.FOUL (P1.T2),,,,,4,101106,Andrew Bogut,1610612744.0,Golden State,Warriors,GSW,5,2731,Emeka Okafor,1610612764.0,Washington,Wizards,WAS,1,0,,,,,,0
0021201039,39,3,11,1,10:53 PM,6:32,,,MISS Okafor Free Throw 1 of 2,,,5,2731,Emeka Okafor,1610612764.0,Washington,Wizards,WAS,0,0,,,,,,0,0,,,,,,0
0021201039,40,4,1,1,10:53 PM,6:32,,,Wizards Rebound,,,3,1610612764,,,,,,0,0,,,,,,0,0,,,,,,0
0021201039,41,3,12,1,10:53 PM,6:32,,,Okafor Free Throw 2 of 2 (5 PTS),5 - 10,5,5,2731,Emeka Okafor,1610612764.0,Washington,Wizards,WAS,0,0,,,,,,0,0,,,,,,0
0021201039,43,1,78,1,10:54 PM,6:20,Bogut 10' Floating Jump Shot (4 PTS) (Curry 2 AST),,,5 - 12,7,4,101106,Andrew Bogut,1610612744.0,Golden State,Warriors,GSW,4,201939,Stephen Curry,1610612744.0,Golden State,Warriors,GSW,0,0,,,,,,0
0021201039,44,1,42,1,10:54 PM,6:08,,,Nene 2' Driving Layup (2 PTS) (Temple 1 AST),7 - 12,5,5,2403,Nene,1610612764.0,Washington,Wizards,WAS,5,202066,Garrett Temple,1610612764.0,Washington,Wizards,WAS,0,0,,,,,,0
0021201039,45,1,79,1,10:54 PM,5:52,Curry 19' Pullup Jump Shot (6 PTS),,,7 - 14,7,4,201939,Stephen Curry,1610612744.0,Golden State,Warriors,GSW,0,0,,,,,,0,0,,,,,,0
0021201039,46,6,11,1,10:55 PM,5:38,,,Wall T.FOUL (P0.T0),,,5,202322,John Wall,1610612764.0,Washington,Wizards,WAS,0,0,,,,,,1,0,,,,,,0
0021201039,47,3,16,1,10:55 PM,5:38,Curry Free Throw Technical (7 PTS),,,7 - 15,8,4,201939,Stephen Curry,1610612744.0,Golden State,Warriors,GSW,0,0,,,,,,0,0,,,,,,0
0021201039,50,2,46,1,10:55 PM,5:28,,,MISS Temple 17' Running Jump Shot,,,5,202066,Garrett Temple,1610612764.0,Washington,Wizards,WAS,0,0,,,,,,0,0,,,,,,0
0021201039,51,4,0,1,10:55 PM,5:27,Bogut REBOUND (Off:0 Def:1),,,,,4,101106,Andrew Bogut,1610612744.0,Golden State,Warriors,GSW,0,0,,,,,,0,0,,,,,,0
0021201039,52,2,44,1,10:56 PM,5:18,MISS Lee 2' Reverse Layup,,,,,4,101135,David Lee,1610612744.0,Golden State,Warriors,GSW,0,0,,,,,,0,0,,,,,,0
0021201039,53,4,0,1,10:56 PM,5:16,,,Temple REBOUND (Off:0 Def:1),,,5,202066,Garrett Temple,1610612764.0,Washington,Wizards,WAS,0,0,,,,,,0,0,,,,,,0
0021201039,54,2,41,1,10:56 PM,5:11,,,MISS Wall 3' Running Layup,,,5,202322,John Wall,1610612764.0,Washington,Wizards,WAS,0,0,,,,,,0,0,,,,,,0
0021201039,55,4,0,1,10:56 PM,5:09,Lee REBOUND (Off:1 Def:4),,,,,4,101135,David Lee,1610612744.0,Golden State,Warriors,GSW,0,0,,,,,,0,0,,,,,,0
0021201039,56,2,1,1,10:56 PM,4:59,MISS Curry 17' Jump Shot,,,,,4,201939,Stephen Curry,1610612744.0,Golden State,Warriors,GSW,0,0,,,,,,0,0,,,,,,0
0021201039,57,4,0,1,10:56 PM,4:58,,,Temple REBOUND (Off:0 Def:2),,,5,202066,Garrett Temple,1610612764.0,Washington,Wizards,WAS,0,0,,,,,,0,0,,,,,,0
0021201039,58,2,65,1,10:56 PM,4:47,,,MISS Okafor 10' Jump Hook Shot,,,5,2731,Emeka Okafor,1610612764.0,Washington,Wizards,WAS,0,0,,,,,,0,0,,,,,,0
0021201039,59,4,0,1,10:56 PM,4:44,Lee REBOUND (Off:1 Def:5),,,,,4,101135,David Lee,1610612744.0,Golden State,Warriors,GSW,0,0,,,,,,0,0,,,,,,0
0021201039,60,2,1,1,10:56 PM,4:31,MISS Barnes 7' Jump Shot,,Nene BLOCK (1 BLK),,,4,203084,Harrison Barnes,1610612744.0,Golden State,Warriors,GSW,0,0,,,,,,5,2403,Nene,1610612764.0,Washington,Wizards,WAS,0
0021201039,61,4,0,1,10:56 PM,4:30,WARRIORS Rebound,,,,,2,1610612744,,,,,,0,0,,,,,,0,0,,,,,,0
0021201039,62,8,0,1,10:57 PM,4:30,,,SUB: Martin FOR Temple,,,5,202066,Garrett Temple,1610612764.0,Washington,Wizards,WAS,5,201858,Cartier Martin,1610612764.0,Washington,Wizards,WAS,0,0,,,,,,0
0021201039,63,8,0,1,10:57 PM,4:30,,,SUB: Booker FOR Okafor,,,5,2731,Emeka Okafor,1610612764.0,Washington,Wizards,WAS,5,202344,Trevor Booker,1610612764.0,Washington,Wizards,WAS,0,0,,,,,,0
0021201039,64,8,0,1,10:57 PM,4:30,SUB: Ezeli FOR Bogut,,,,,4,101106,Andrew Bogut,1610612744.0,Golden State,Warriors,GSW,4,203105,Festus Ezeli,1610612744.0,Golden State,Warriors,GSW,0,0,,,,,,0
0021201039,65,5,13,1,10:57 PM,4:30,Barnes Backcourt Turnover (P1.T2),,,,,4,203084,Harrison Barnes,1610612744.0,Golden State,Warriors,GSW,0,0,,,,,,1,0,,,,,,0
0021201039,67,6,1,1,10:58 PM,4:27,Curry P.FOUL (P2.T3),,,,,4,201939,Stephen Curry,1610612744.0,Golden State,Warriors,GSW,5,201858,Cartier Martin,1610612764.0,Washington,Wizards,WAS,1,0,,,,,,0
0021201039,68,6,2,1,10:58 PM,4:17,Thompson S.FOUL (P1.T4),,,,,4,202691,Klay Thompson,1610612744.0,Golden State,Warriors,GSW,5,101110,Martell Webster,1610612764.0,Washington,Wizards,WAS,1,0,,,,,,0
0021201039,69,3,11,1,10:58 PM,4:17,,,Webster Free Throw 1 of 2 (1 PTS),8 - 15,7,5,101110,Martell Webster,1610612764.0,Washington,Wizards,WAS,0,0,,,,,,0,0,,,,,,0
0021201039,71,8,0,1,10:58 PM,4:17,SUB: Jack FOR Curry,,,,,4,201939,Stephen Curry,1610612744.0,Golden State,Warriors,GSW,4,101127,Jarrett Jack,1610612744.0,Golden State,Warriors,GSW,0,0,,,,,,0
0021201039,72,3,12,1,10:59 PM,4:17,,,Webster Free Throw 2 of 2 (2 PTS),9 - 15,6,5,101110,Martell Webster,1610612764.0,Washington,Wizards,WAS,0,0,,,,,,0,0,,,,,,0
0021201039,74,1,79,1,10:59 PM,4:06,Thompson 17' Pullup Jump Shot (2 PTS) (Jack 1 AST),,,9 - 17,8,4,202691,Klay Thompson,1610612744.0,Golden State,Warriors,GSW,4,101127,Jarrett Jack,1610612744.0,Golden State,Warriors,GSW,0,0,,,,,,0
0021201039,75,6,1,1,10:59 PM,3:52,Ezeli P.FOUL (P1.PN),,,,,4,203105,Festus Ezeli,1610612744.0,Golden State,Warriors,GSW,5,2403,Nene,1610612764.0,Washington,Wizards,WAS,1,0,,,,,,0
0021201039,76,3,11,1,11:00 PM,3:52,,,Nene Free Throw 1 of 2 (3 PTS),10 - 17,7,5,2403,Nene,1610612764.0,Washington,Wizards,WAS,0,0,,,,,,0,0,,,,,,0
0021201039,78,3,12,1,11:00 PM,3:52,,,MISS Nene Free Throw 2 of 2,,,5,2403,Nene,1610612764.0,Washington,Wizards,WAS,0,0,,,,,,0,0,,,,,,0
0021201039,80,4,0,1,11:00 PM,3:51,Lee REBOUND (Off:1 Def:6),,,,,4,101135,David Lee,1610612744.0,Golden State,Warriors,GSW,0,0,,,,,,0,0,,,,,,0
0021201039,81,1,79,1,11:00 PM,3:39,Thompson 17' Pullup Jump Shot (4 PTS) (Jack 2 AST),,,10 - 19,9,4,202691,Klay Thompson,1610612744.0,Golden State,Warriors,GSW,4,101127,Jarrett Jack,1610612744.0,Golden State,Warriors,GSW,0,0,,,,,,0
0021201039,82,2,1,1,11:01 PM,3:23,,,MISS Webster  3PT Jump Shot,,,5,101110,Martell Webster,1610612764.0,Washington,Wizards,WAS,0,0,,,,,,0,0,,,,,,0
0021201039,83,4,0,1,11:01 PM,3:22,Lee REBOUND (Off:1 Def:7),,,,,4,101135,David Lee,1610612744.0,Golden State,Warriors,GSW,0,0,,,,,,0,0,,,,,,0
0021201039,84,5,1,1,11:01 PM,3:14,Jack Bad Pass Turnover (P1.T3),,Wall STEAL (1 STL),,,4,101127,Jarrett Jack,1610612744.0,Golden State,Warriors,GSW,5,202322,John Wall,1610612764.0,Washington,Wizards,WAS,0,0,,,,,,0
0021201039,85,1,8,1,11:01 PM,3:11,,,Wall 1' Slam Dunk (2 PTS),12 - 19,7,5,202322,John Wall,1610612764.0,Washington,Wizards,WAS,0,0,,,,,,0,0,,,,,,0
0021201039,86,1,78,1,11:01 PM,2:41,Lee 10' Floating Jump Shot (4 PTS),,,12 - 21,9,4,101135,David Lee,1610612744.0,Golden State,Warriors,GSW,0,0,,,,,,0,0,,,,,,0
0021201039,87,2,1,1,11:01 PM,2:31,,,MISS Booker 21' Jump Shot,,,5,202344,Trevor Booker,1610612764.0,Washington,Wizards,WAS,0,0,,,,,,0,0,,,,,,0
0021201039,88,4,0,1,11:01 PM,2:28,Barnes REBOUND (Off:0 Def:2),,,,,4,203084,Harrison Barnes,1610612744.0,Golden State,Warriors,GSW,0,0,,,,,,0,0,,,,,,0
0021201039,89,1,79,1,11:02 PM,2:15,Thompson 26' 3PT Pullup Jump Shot (7 PTS) (Lee 1 AST),,,12 - 24,12,4,202691,Klay Thompson,1610612744.0,Golden State,Warriors,GSW,4,101135,David Lee,1610612744.0,Golden State,Warriors,GSW,0,0,,,,,,0
0021201039,90,9,2,1,11:02 PM,2:09,,,Wizards Timeout: Short (Reg.1 Short 1),,,3,1610612764,,,,,,0,0,,,,,,0,0,,,,,,0
0021201039,92,9,1,1,11:02 PM,2:09,WARRIORS Timeout: Regular (Full 1 Short 0),,,,,2,1610612744,,,,,,0,0,,,,,,0,0,,,,,,0
0021201039,95,8,0,1,11:04 PM,2:09,,,SUB: Singleton FOR Webster,,,5,101110,Martell Webster,1610612764.0,Washington,Wizards,WAS,5,202698,Chris Singleton,1610612764.0,Washington,Wizards,WAS,0,0,,,,,,0
0021201039,93,8,0,1,11:04 PM,2:09,,,SUB: Seraphin FOR Nene,,,5,2403,Nene,1610612764.0,Washington,Wizards,WAS,5,202338,Kevin Seraphin,1610612764.0,Washington,Wizards,WAS,0,0,,,,,,0
0021201039,94,8,0,1,11:04 PM,2:09,SUB: Landry FOR Lee,,,,,4,101135,David Lee,1610612744.0,Golden State,Warriors,GSW,4,201171,Carl Landry,1610612744.0,Golden State,Warriors,GSW,0,0,,,,,,0
0021201039,96,1,79,1,11:05 PM,1:54,,,Wall 19' Pullup Jump Shot (4 PTS),14 - 24,10,5,202322,John Wall,1610612764.0,Washington,Wizards,WAS,0,0,,,,,,0,0,,,,,,0
0021201039,97,1,79,1,11:05 PM,1:36,Thompson 21' Pullup Jump Shot (9 PTS) (Jack 3 AST),,,14 - 26,12,4,202691,Klay Thompson,1610612744.0,Golden State,Warriors,GSW,4,101127,Jarrett Jack,1610612744.0,Golden State,Warriors,GSW,0,0,,,,,,0
0021201039,98,2,79,1,11:05 PM,1:22,,,MISS Martin 18' Pullup Jump Shot,,,5,201858,Cartier Martin,1610612764.0,Washington,Wizards,WAS,0,0,,,,,,0,0,,,,,,0
0021201039,99,4,0,1,11:05 PM,1:21,Ezeli REBOUND (Off:0 Def:1),,,,,4,203105,Festus Ezeli,1610612744.0,Golden State,Warriors,GSW,0,0,,,,,,0,0,,,,,,0
0021201039,101,2,1,1,11:06 PM,1:01,MISS Jack 20' Jump Shot,,,,,4,101127,Jarrett Jack,1610612744.0,Golden State,Warriors,GSW,0,0,,,,,,0,0,,,,,,0
0021201039,102,4,0,1,11:06 PM,1:01,WARRIORS Rebound,,,,,2,1610612744,,,,,,0,0,,,,,,0,0,,,,,,0
0021201039,103,8,0,1,11:06 PM,1:01,SUB: Green FOR Thompson,,,,,4,202691,Klay Thompson,1610612744.0,Golden State,Warriors,GSW,4,203110,Draymond Green,1610612744.0,Golden State,Warriors,GSW,0,0,,,,,,0
0021201039,104,8,0,1,11:06 PM,1:01,,,SUB: Temple FOR Wall,,,5,202322,John Wall,1610612764.0,Washington,Wizards,WAS,5,202066,Garrett Temple,1610612764.0,Washington,Wizards,WAS,0,0,,,,,,0
0021201039,105,6,1,1,11:06 PM,1:01,,,Booker P.FOUL (P1.T1),,,5,202344,Trevor Booker,1610612764.0,Washington,Wizards,WAS,4,203105,Festus Ezeli,1610612744.0,Golden State,Warriors,GSW,1,0,,,,,,0
0021201039,106,1,80,1,11:06 PM,0:55,Barnes 28' 3PT Step Back Jump Shot (5 PTS) (Jack 4 AST),,,14 - 29,15,4,203084,Harrison Barnes,1610612744.0,Golden State,Warriors,GSW,4,101127,Jarrett Jack,1610612744.0,Golden State,Warriors,GSW,0,0,,,,,,0
0021201039,107,2,65,1,11:07 PM,0:39,,,MISS Seraphin 8' Jump Hook Shot,,,5,202338,Kevin Seraphin,1610612764.0,Washington,Wizards,WAS,0,0,,,,,,0,0,,,,,,0
0021201039,108,4,0,1,11:07 PM,0:38,WARRIORS Rebound,,,,,2,1610612744,,,,,,0,0,,,,,,0,0,,,,,,0
0021201039,110,2,80,1,11:07 PM,0:26,MISS Jack 16' Step Back Jump Shot,,,,,4,101127,Jarrett Jack,1610612744.0,Golden State,Warriors,GSW,0,0,,,,,,0,0,,,,,,0
0021201039,111,4,0,1,11:07 PM,0:25,Ezeli REBOUND (Off:1 Def:1),,,,,4,203105,Festus Ezeli,1610612744.0,Golden State,Warriors,GSW,0,0,,,,,,0,0,,,,,,0
0021201039,112,9,2,1,11:07 PM,0:15,WARRIORS Timeout: Short (Full 1 Short 1),,,,,2,1610612744,,,,,,0,0,,,,,,0,0,,,,,,0
0021201039,114,8,0,1,11:08 PM,0:15,SUB: Thompson FOR Barnes,,,,,4,203084,Harrison Barnes,1610612744.0,Golden State,Warriors,GSW,4,202691,Klay Thompson,1610612744.0,Golden State,Warriors,GSW,0,0,,,,,,0
0021201039,115,8,0,1,11:08 PM,0:15,SUB: Curry FOR Green,,,,,4,203110,Draymond Green,1610612744.0,Golden State,Warriors,GSW,4,201939,Stephen Curry,1610612744.0,Golden State,Warriors,GSW,0,0,,,,,,0
0021201039,116,2,1,1,11:09 PM,0:06,MISS Thompson 27' 3PT Jump Shot,,,,,4,202691,Klay Thompson,1610612744.0,Golden State,Warriors,GSW,0,0,,,,,,0,0,,,,,,0
0021201039,117,4,0,1,11:09 PM,0:05,,,Martin REBOUND (Off:0 Def:1),,,5,201858,Cartier Martin,1610612764.0,Washington,Wizards,WAS,0,0,,,,,,0,0,,,,,,0
0021201039,118,1,79,1,11:09 PM,0:00,,,Martin 27' 3PT Pullup Jump Shot (3 PTS) (Singleton 1 AST),17 - 29,12,5,201858,Cartier Martin,1610612764.0,Washington,Wizards,WAS,5,202698,Chris Singleton,1610612764.0,Washington,Wizards,WAS,0,0,,,,,,0
0021201039,119,18,0,1,11:09 PM,0:00,,Support Ruling,,,,0,118,,,,,,0,0,,,,,,1,0,,,,,,0
0021201039,120,13,0,1,11:10 PM,0:00,,End of 1st Period (11:10 PM EST),,17 - 29,12,0,0,,,,,,0,0,,,,,,0,0,,,,,,0
0021201039,122,12,0,2,11:11 PM,12:00,,Start of 2nd Period (11:11 PM EST),,17 - 29,12,0,0,,,,,,0,0,,,,,,0,0,,,,,,0
0021201039,123,2,80,2,11:12 PM,11:42,,,MISS Singleton 21' Step Back Jump Shot,,,5,202698,Chris Singleton,1610612764.0,Washington,Wizards,WAS,0,0,,,,,,0,0,,,,,,0
0021201039,124,4,0,2,11:12 PM,11:41,Ezeli REBOUND (Off:1 Def:2),,,,,4,203105,Festus Ezeli,1610612744.0,Golden State,Warriors,GSW,0,0,,,,,,0,0,,,,,,0
0021201039,125,2,47,2,11:12 PM,11:26,MISS Landry 14' Turnaround Jump Shot,,,,,4,201171,Carl Landry,1610612744.0,Golden State,Warriors,GSW,0,0,,,,,,0,0,,,,,,0
0021201039,126,4,0,2,11:12 PM,11:25,,,Singleton REBOUND (Off:0 Def:1),,,5,202698,Chris Singleton,1610612764.0,Washington,Wizards,WAS,0,0,,,,,,0,0,,,,,,0
0021201039,127,2,1,2,11:12 PM,11:14,,,MISS Singleton 18' Jump Shot,,,5,202698,Chris Singleton,1610612764.0,Washington,Wizards,WAS,0,0,,,,,,0,0,,,,,,0
0021201039,128,4,0,2,11:12 PM,11:13,Green REBOUND (Off:0 Def:1),,,,,4,203110,Draymond Green,1610612744.0,Golden State,Warriors,GSW,0,0,,,,,,0,0,,,,,,0
0021201039,129,1,79,2,11:12 PM,11:05,Jack 19' Pullup Jump Shot (2 PTS),,,17 - 31,14,4,101127,Jarrett Jack,1610612744.0,Golden State,Warriors,GSW,0,0,,,,,,0,0,,,,,,0
0021201039,130,2,1,2,11:12 PM,10:48,,,MISS Seraphin 18' Jump Shot,,,5,202338,Kevin Seraphin,1610612764.0,Washington,Wizards,WAS,0,0,,,,,,0,0,,,,,,0
0021201039,131,4,0,2,11:12 PM,10:47,Green REBOUND (Off:0 Def:2),,,,,4,203110,Draymond Green,1610612744.0,Golden State,Warriors,GSW,0,0,,,,,,0,0,,,,,,0
0021201039,132,2,1,2,11:13 PM,10:27,MISS Green 18' Jump Shot,,,,,4,203110,Draymond Green,1610612744.0,Golden State,Warriors,GSW,0,0,,,,,,0,0,,,,,,0
0021201039,133,4,0,2,11:13 PM,10:25,,,Temple REBOUND (Off:0 Def:3),,,5,202066,Garrett Temple,1610612764.0,Washington,Wizards,WAS,0,0,,,,,,0,0,,,,,,0
0021201039,134,1,1,2,11:13 PM,10:11,,,Singleton 18' Jump Shot (2 PTS) (Martin 1 AST),19 - 31,12,5,202698,Chris Singleton,1610612764.0,Washington,Wizards,WAS,5,201858,Cartier Martin,1610612764.0,Washington,Wizards,WAS,0,0,,,,,,0
0021201039,135,2,1,2,11:13 PM,9:56,MISS Jefferson 19' Jump Shot,,,,,4,2210,Richard Jefferson,1610612744.0,Golden State,Warriors,GSW,0,0,,,,,,0,0,,,,,,0
0021201039,136,4,0,2,11:13 PM,9:56,WARRIORS Rebound,,,,,2,1610612744,,,,,,0,0,,,,,,0,0,,,,,,0
0021201039,137,6,3,2,11:13 PM,9:56,,,Singleton L.B.FOUL (P1.T1),,,5,202698,Chris Singleton,1610612764.0,Washington,Wizards,WAS,4,203105,Festus Ezeli,1610612744.0,Golden State,Warriors,GSW,1,0,,,,,,0
0021201039,138,2,42,2,11:14 PM,9:46,MISS Ezeli 2' Driving Layup,,,,,4,203105,Festus Ezeli,1610612744.0,Golden State,Warriors,GSW,0,0,,,,,,0,0,,,,,,0
0021201039,139,4,0,2,11:14 PM,9:45,,,Seraphin REBOUND (Off:0 Def:1),,,5,202338,Kevin Seraphin,1610612764.0,Washington,Wizards,WAS,0,0,,,,,,0,0,,,,,,0
0021201039,140,1,65,2,11:14 PM,9:36,,,Booker 9' Jump Hook Shot (2 PTS),21 - 31,10,5,202344,Trevor Booker,1610612764.0,Washington,Wizards,WAS,0,0,,,,,,0,0,,,,,,0
0021201039,141,5,2,2,11:14 PM,9:18,Jefferson Lost Ball Turnover (P1.T4),,Temple STEAL (1 STL),,,4,2210,Richard Jefferson,1610612744.0,Golden State,Warriors,GSW,5,202066,Garrett Temple,1610612764.0,Washington,Wizards,WAS,0,0,,,,,,0
0021201039,142,6,2,2,11:14 PM,9:14,Jefferson S.FOUL (P1.T1),,,,,4,2210,Richard Jefferson,1610612744.0,Golden State,Warriors,GSW,5,202698,Chris Singleton,1610612764.0,Washington,Wizards,WAS,1,0,,,,,,0
0021201039,143,3,11,2,11:15 PM,9:14,,,Singleton Free Throw 1 of 2 (3 PTS),22 - 31,9,5,202698,Chris Singleton,1610612764.0,Washington,Wizards,WAS,0,0,,,,,,0,0,,,,,,0
0021201039,145,3,12,2,11:15 PM,9:14,,,Singleton Free Throw 2 of 2 (4 PTS),23 - 31,8,5,202698,Chris Singleton,1610612764.0,Washington,Wizards,WAS,0,0,,,,,,0,0,,,,,,0
0021201039,147,6,1,2,11:15 PM,9:05,,,Martin P.FOUL (P1.T2),,,5,201858,Cartier Martin,1610612764.0,Washington,Wizards,WAS,4,203110,Draymond Green,1610612744.0,Golden State,Warriors,GSW,1,0,,,,,,0
0021201039,148,2,1,2,11:16 PM,8:53,MISS Landry 19' Jump Shot,,,,,4,201171,Carl Landry,1610612744.0,Golden State,Warriors,GSW,0,0,,,,,,0,0,,,,,,0
0021201039,149,4,0,2,11:16 PM,8:52,,,Seraphin REBOUND (Off:0 Def:2),,,5,202338,Kevin Seraphin,1610612764.0,Washington,Wizards,WAS,0,0,,,,,,0,0,,,,,,0
0021201039,150,2,65,2,11:16 PM,8:36,,,MISS Booker 13' Jump Hook Shot,,,5,202344,Trevor Booker,1610612764.0,Washington,Wizards,WAS,0,0,,,,,,0,0,,,,,,0
0021201039,151,4,0,2,11:16 PM,8:36,,,Wizards Rebound,,,3,1610612764,,,,,,0,0,,,,,,0,0,,,,,,0
0021201039,152,9,4,2,11:16 PM,8:36,,Timeout: Official,,,,1,0,,,,,,0,0,,,,,,0,0,,,,,,0
0021201039,155,8,0,2,11:18 PM,8:36,SUB: Curry FOR Ezeli,,,,,4,203105,Festus Ezeli,1610612744.0,Golden State,Warriors,GSW,4,201939,Stephen Curry,1610612744.0,Golden State,Warriors,GSW,0,0,,,,,,0
0021201039,156,8,0,2,11:18 PM,8:36,SUB: Lee FOR Green,,,,,4,203110,Draymond Green,1610612744.0,Golden State,Warriors,GSW,4,101135,David Lee,1610612744.0,Golden State,Warriors,GSW,0,0,,,,,,0
0021201039,157,8,0,2,11:18 PM,8:36,SUB: Thompson FOR Jefferson,,,,,4,2210,Richard Jefferson,1610612744.0,Golden State,Warriors,GSW,4,202691,Klay Thompson,1610612744.0,Golden State,Warriors,GSW,0,0,,,,,,0
0021201039,158,2,1,2,11:19 PM,8:30,,,MISS Martin 26' 3PT Jump Shot,,,5,201858,Cartier Martin,1610612764.0,Washington,Wizards,WAS,0,0,,,,,,0,0,,,,,,0
0021201039,159,4,0,2,11:19 PM,8:29,,,Singleton REBOUND (Off:1 Def:1),,,5,202698,Chris Singleton,1610612764.0,Washington,Wizards,WAS,0,0,,,,,,0,0,,,,,,0
0021201039,160,2,5,2,11:19 PM,8:26,,,MISS Singleton 3' Layup,,,5,202698,Chris Singleton,1610612764.0,Washington,Wizards,WAS,0,0,,,,,,0,0,,,,,,0
0021201039,161,4,0,2,11:19 PM,8:24,Landry REBOUND (Off:0 Def:1),,,,,4,201171,Carl Landry,1610612744.0,Golden State,Warriors,GSW,0,0,,,,,,0,0,,,,,,0
0021201039,162,1,79,2,11:19 PM,8:14,Curry 28' 3PT Pullup Jump Shot (10 PTS) (Landry 1 AST),,,23 - 34,11,4,201939,Stephen Curry,1610612744.0,Golden State,Warriors,GSW,4,201171,Carl Landry,1610612744.0,Golden State,Warriors,GSW,0,0,,,,,,0
0021201039,163,2,1,2,11:19 PM,7:56,,,MISS Martin 10' Jump Shot,,,5,201858,Cartier Martin,1610612764.0,Washington,Wizards,WAS,0,0,,,,,,0,0,,,,,,0
0021201039,164,4,0,2,11:19 PM,7:55,Landry REBOUND (Off:0 Def:2),,,,,4,201171,Carl Landry,1610612744.0,Golden State,Warriors,GSW,0,0,,,,,,0,0,,,,,,0
0021201039,165,5,2,2,11:19 PM,7:47,Thompson Lost Ball Turnover (P2.T5),,Temple STEAL (2 STL),,,4,202691,Klay Thompson,1610612744.0,Golden State,Warriors,GSW,5,202066,Garrett Temple,1610612764.0,Washington,Wizards,WAS,0,0,,,,,,0
0021201039,166,2,1,2,11:19 PM,7:40,,,MISS Singleton 12' Jump Shot,,,5,202698,Chris Singleton,1610612764.0,Washington,Wizards,WAS,0,0,,,,,,0,0,,,,,,0
0021201039,167,4,0,2,11:19 PM,7:39,Lee REBOUND (Off:1 Def:8),,,,,4,101135,David Lee,1610612744.0,Golden State,Warriors,GSW,0,0,,,,,,0,0,,,,,,0
0021201039,168,2,1,2,11:20 PM,7:27,MISS Curry 27' 3PT Jump Shot,,,,,4,201939,Stephen Curry,1610612744.0,Golden State,Warriors,GSW,0,0,,,,,,0,0,,,,,,0
0021201039,169,4,0,2,11:20 PM,7:26,Landry REBOUND (Off:1 Def:2),,,,,4,201171,Carl Landry,1610612744.0,Golden State,Warriors,GSW,0,0,,,,,,0,0,,,,,,0
0021201039,170,6,1,2,11:20 PM,7:19,,,Singleton P.FOUL (P2.T3),,,5,202698,Chris Singleton,1610612764.0,Washington,Wizards,WAS,4,202691,Klay Thompson,1610612744.0,Golden State,Warriors,GSW,1,0,,,,,,0
0021201039,171,8,0,2,11:20 PM,7:19,,,SUB: Wall FOR Martin,,,5,201858,Cartier Martin,1610612764.0,Washington,Wizards,WAS,5,202322,John Wall,1610612764.0,Washington,Wizards,WAS,0,0,,,,,,0
0021201039,172,2,1,2,11:20 PM,7:14,MISS Thompson 19' Jump Shot,,,,,4,202691,Klay Thompson,1610612744.0,Golden State,Warriors,GSW,0,0,,,,,,0,0,,,,,,0
0021201039,173,4,0,2,11:20 PM,7:13,,,Booker REBOUND (Off:0 Def:1),,,5,202344,Trevor Booker,1610612764.0,Washington,Wizards,WAS,0,0,,,,,,0,0,,,,,,0
0021201039,174,1,58,2,11:21 PM,6:56,,,Booker 9' Turnaround Hook Shot (4 PTS) (Temple 2 AST),25 - 34,9,5,202344,Trevor Booker,1610612764.0,Washington,Wizards,WAS,5,202066,Garrett Temple,1610612764.0,Washington,Wizards,WAS,0,0,,,,,,0
0021201039,176,6,1,2,11:21 PM,6:43,,,Booker P.FOUL (P2.T4),,,5,202344,Trevor Booker,1610612764.0,Washington,Wizards,WAS,4,201171,Carl Landry,1610612744.0,Golden State,Warriors,GSW,1,0,,,,,,0
0021201039,177,8,0,2,11:21 PM,6:43,SUB: Bogut FOR Landry,,,,,4,201171,Carl Landry,1610612744.0,Golden State,Warriors,GSW,4,101106,Andrew Bogut,1610612744.0,Golden State,Warriors,GSW,0,0,,,,,,0
0021201039,179,8,0,2,11:21 PM,6:43,,,SUB: Okafor FOR Booker,,,5,202344,Trevor Booker,1610612764.0,Washington,Wizards,WAS,5,2731,Emeka Okafor,1610612764.0,Washington,Wizards,WAS,0,0,,,,,,0
0021201039,178,5,1,2,11:22 PM,6:37,Thompson Bad Pass Turnover (P3.T6),,Okafor STEAL (1 STL),,,4,202691,Klay Thompson,1610612744.0,Golden State,Warriors,GSW,5,2731,Emeka Okafor,1610612764.0,Washington,Wizards,WAS,0,0,,,,,,0
0021201039,180,2,1,2,11:22 PM,6:26,,,MISS Temple 13' Jump Shot,,,5,202066,Garrett Temple,1610612764.0,Washington,Wizards,WAS,0,0,,,,,,0,0,,,,,,0
0021201039,181,4,0,2,11:22 PM,6:26,WARRIORS Rebound,,,,,2,1610612744,,,,,,0,0,,,,,,0,0,,,,,,0
0021201039,182,8,0,2,11:22 PM,6:26,,,SUB: Webster FOR Singleton,,,5,202698,Chris Singleton,1610612764.0,Washington,Wizards,WAS,5,101110,Martell Webster,1610612764.0,Washington,Wizards,WAS,0,0,,,,,,0
0021201039,183,6,3,2,11:22 PM,6:26,,,Seraphin L.B.FOUL (P1.PN),,,5,202338,Kevin Seraphin,1610612764.0,Washington,Wizards,WAS,4,101135,David Lee,1610612744.0,Golden State,Warriors,GSW,1,0,,,,,,0
0021201039,184,3,11,2,11:23 PM,6:26,MISS Lee Free Throw 1 of 2,,,,,4,101135,David Lee,1610612744.0,Golden State,Warriors,GSW,0,0,,,,,,0,0,,,,,,0
0021201039,185,4,1,2,11:23 PM,6:26,WARRIORS Rebound,,,,,2,1610612744,,,,,,0,0,,,,,,0,0,,,,,,0
0021201039,186,3,12,2,11:23 PM,6:26,Lee Free Throw 2 of 2 (5 PTS),,,25 - 35,10,4,101135,David Lee,1610612744.0,Golden State,Warriors,GSW,0,0,,,,,,0,0,,,,,,0
0021201039,188,1,80,2,11:23 PM,6:17,,,Okafor 11' Step Back Jump Shot (7 PTS) (Temple 3 AST),27 - 35,8,5,2731,Emeka Okafor,1610612764.0,Washington,Wizards,WAS,5,202066,Garrett Temple,1610612764.0,Washington,Wizards,WAS,0,0,,,,,,0
0021201039,189,1,80,2,11:23 PM,5:53,Curry 20' Step Back Jump Shot (12 PTS),,,27 - 37,10,4,201939,Stephen Curry,1610612744.0,Golden State,Warriors,GSW,0,0,,,,,,0,0,,,,,,0
0021201039,191,1,47,2,11:24 PM,5:39,,,Webster 16' Turnaround Jump Shot (4 PTS),29 - 37,8,5,101110,Martell Webster,1610612764.0,Washington,Wizards,WAS,0,0,,,,,,0,0,,,,,,0
0021201039,192,6,2,2,11:24 PM,5:31,,,Temple S.FOUL (P1.PN),,,5,202066,Garrett Temple,1610612764.0,Washington,Wizards,WAS,4,101135,David Lee,1610612744.0,Golden State,Warriors,GSW,1,0,,,,,,0
0021201039,193,9,1,2,11:24 PM,5:31,WARRIORS Timeout: Regular (Full 2 Short 1),,,,,2,1610612744,,,,,,0,0,,,,,,0,0,,,,,,0
0021201039,195,8,0,2,11:26 PM,5:31,,,SUB: Nene FOR Seraphin,,,5,202338,Kevin Seraphin,1610612764.0,Washington,Wizards,WAS,5,2403,Nene,1610612764.0,Washington,Wizards,WAS,0,0,,,,,,0
0021201039,196,8,0,2,11:26 PM,5:31,SUB: Barnes FOR Jack,,,,,4,101127,Jarrett Jack,1610612744.0,Golden State,Warriors,GSW,4,203084,Harrison Barnes,1610612744.0,Golden State,Warriors,GSW,0,0,,,,,,0
0021201039,197,3,11,2,11:26 PM,5:31,Lee Free Throw 1 of 2 (6 PTS),,,29 - 38,9,4,101135,David Lee,1610612744.0,Golden State,Warriors,GSW,0,0,,,,,,0,0,,,,,,0
0021201039,199,3,12,2,11:27 PM,5:31,Lee Free Throw 2 of 2 (7 PTS),,,29 - 39,10,4,101135,David Lee,1610612744.0,Golden State,Warriors,GSW,0,0,,,,,,0,0,,,,,,0
0021201039,201,1,79,2,11:27 PM,5:13,,,Temple 18' Pullup Jump Shot (2 PTS) (Wall 1 AST),31 - 39,8,5,202066,Garrett Temple,1610612764.0,Washington,Wizards,WAS,5,202322,John Wall,1610612764.0,Washington,Wizards,WAS,0,0,,,,,,0
0021201039,202,1,79,2,11:27 PM,4:51,Curry 18' Pullup Jump Shot (14 PTS) (Lee 2 AST),,,31 - 41,10,4,201939,Stephen Curry,1610612744.0,Golden State,Warriors,GSW,4,101135,David Lee,1610612744.0,Golden State,Warriors,GSW,0,0,,,,,,0
0021201039,203,2,1,2,11:28 PM,4:35,,,MISS Nene 19' Jump Shot,,,5,2403,Nene,1610612764.0,Washington,Wizards,WAS,0,0,,,,,,0,0,,,,,,0
0021201039,204,4,0,2,11:28 PM,4:34,Barnes REBOUND (Off:0 Def:3),,,,,4,203084,Harrison Barnes,1610612744.0,Golden State,Warriors,GSW,0,0,,,,,,0,0,,,,,,0
0021201039,205,1,42,2,11:28 PM,4:23,Thompson 2' Driving Layup (11 PTS) (Curry 3 AST),,,31 - 43,12,4,202691,Klay Thompson,1610612744.0,Golden State,Warriors,GSW,4,201939,Stephen Curry,1610612744.0,Golden State,Warriors,GSW,0,0,,,,,,0
0021201039,206,2,42,2,11:28 PM,4:16,Bogut BLOCK (1 BLK),,MISS Wall 2' Driving Layup,,,5,202322,John Wall,1610612764.0,Washington,Wizards,WAS,0,0,,,,,,4,101106,Andrew Bogut,1610612744.0,Golden State,Warriors,GSW,0
0021201039,207,4,0,2,11:28 PM,4:16,,,Wizards Rebound,,,3,1610612764,,,,,,0,0,,,,,,0,0,,,,,,0
0021201039,208,2,46,2,11:28 PM,4:09,,,MISS Wall 9' Running Jump Shot,,,5,202322,John Wall,1610612764.0,Washington,Wizards,WAS,0,0,,,,,,0,0,,,,,,0
0021201039,209,4,0,2,11:28 PM,4:08,Lee REBOUND (Off:1 Def:9),,,,,4,101135,David Lee,1610612744.0,Golden State,Warriors,GSW,0,0,,,,,,0,0,,,,,,0
0021201039,210,1,79,2,11:29 PM,3:52,Thompson 26' 3PT Pullup Jump Shot (14 PTS),,,31 - 46,15,4,202691,Klay Thompson,1610612744.0,Golden State,Warriors,GSW,0,0,,,,,,0,0,,,,,,0
0021201039,211,1,79,2,11:29 PM,3:35,,,Wall 19' Pullup Jump Shot (6 PTS),33 - 46,13,5,202322,John Wall,1610612764.0,Washington,Wizards,WAS,0,0,,,,,,0,0,,,,,,0
0021201039,212,7,5,2,11:29 PM,3:19,,,Nene Violation:Kicked Ball,,,5,2403,Nene,1610612764.0,Washington,Wizards,WAS,0,0,,,,,,1,0,,,,,,0
0021201039,213,5,4,2,11:30 PM,3:14,Lee Traveling Turnover (P1.T7),,,,,4,101135,David Lee,1610612744.0,Golden State,Warriors,GSW,0,0,,,,,,1,0,,,,,,0
0021201039,214,5,1,2,11:30 PM,3:07,Bogut STEAL (1 STL),,Wall Bad Pass Turnover (P1.T2),,,5,202322,John Wall,1610612764.0,Washington,Wizards,WAS,4,101106,Andrew Bogut,1610612744.0,Golden State,Warriors,GSW,0,0,,,,,,0
0021201039,216,9,1,2,11:30 PM,2:54,,,Wizards Timeout: Regular (Reg.2 Short 1),,,3,1610612764,,,,,,0,0,,,,,,0,0,,,,,,0
0021201039,218,1,80,2,11:33 PM,2:48,Curry 27' 3PT Step Back Jump Shot (17 PTS) (Bogut 1 AST),,,33 - 49,16,4,201939,Stephen Curry,1610612744.0,Golden State,Warriors,GSW,4,101106,Andrew Bogut,1610612744.0,Golden State,Warriors,GSW,0,0,,,,,,0
0021201039,219,5,1,2,11:33 PM,2:37,Lee STEAL (1 STL),,Temple Bad Pass Turnover (P2.T3),,,5,202066,Garrett Temple,1610612764.0,Washington,Wizards,WAS,4,101135,David Lee,1610612744.0,Golden State,Warriors,GSW,0,0,,,,,,0
0021201039,220,1,1,2,11:33 PM,2:32,Curry 27' 3PT Jump Shot (20 PTS) (Lee 3 AST),,,33 - 52,19,4,201939,Stephen Curry,1610612744.0,Golden State,Warriors,GSW,4,101135,David Lee,1610612744.0,Golden State,Warriors,GSW,0,0,,,,,,0
0021201039,221,2,1,2,11:33 PM,2:21,,,MISS Temple 21' Jump Shot,,,5,202066,Garrett Temple,1610612764.0,Washington,Wizards,WAS,0,0,,,,,,0,0,,,,,,0
0021201039,222,4,0,2,11:33 PM,2:19,Barnes REBOUND (Off:0 Def:4),,,,,4,203084,Harrison Barnes,1610612744.0,Golden State,Warriors,GSW,0,0,,,,,,0,0,,,,,,0
0021201039,223,1,88,2,11:33 PM,2:10,Bogut  Driving Slam Dunk (6 PTS) (Curry 4 AST),,,33 - 54,21,4,101106,Andrew Bogut,1610612744.0,Golden State,Warriors,GSW,4,201939,Stephen Curry,1610612744.0,Golden State,Warriors,GSW,0,0,,,,,,0
0021201039,225,8,0,2,11:34 PM,1:54,,,SUB: Martin FOR Temple,,,5,202066,Garrett Temple,1610612764.0,Washington,Wizards,WAS,5,201858,Cartier Martin,1610612764.0,Washington,Wizards,WAS,0,0,,,,,,0
0021201039,226,6,2,2,11:34 PM,1:50,Lee S.FOUL (P1.T2),,,,,4,101135,David Lee,1610612744.0,Golden State,Warriors,GSW,5,2403,Nene,1610612764.0,Washington,Wizards,WAS,1,0,,,,,,0
0021201039,227,3,11,2,11:34 PM,1:50,,,Nene Free Throw 1 of 2 (4 PTS),34 - 54,20,5,2403,Nene,1610612764.0,Washington,Wizards,WAS,0,0,,,,,,0,0,,,,,,0
0021201039,229,3,12,2,11:35 PM,1:50,,,Nene Free Throw 2 of 2 (5 PTS),35 - 54,19,5,2403,Nene,1610612764.0,Washington,Wizards,WAS,0,0,,,,,,0,0,,,,,,0
0021201039,231,2,58,2,11:35 PM,1:34,MISS Bogut 13' Turnaround Hook Shot,,,,,4,101106,Andrew Bogut,1610612744.0,Golden State,Warriors,GSW,0,0,,,,,,0,0,,,,,,0
0021201039,232,4,0,2,11:35 PM,1:33,,,Webster REBOUND (Off:0 Def:1),,,5,101110,Martell Webster,1610612764.0,Washington,Wizards,WAS,0,0,,,,,,0,0,,,,,,0
0021201039,233,2,1,2,11:35 PM,1:26,,,MISS Webster  3PT Jump Shot,,,5,101110,Martell Webster,1610612764.0,Washington,Wizards,WAS,0,0,,,,,,0,0,,,,,,0
0021201039,234,4,0,2,11:35 PM,1:23,Barnes REBOUND (Off:0 Def:5),,,,,4,203084,Harrison Barnes,1610612744.0,Golden State,Warriors,GSW,0,0,,,,,,0,0,,,,,,0
0021201039,235,1,79,2,11:35 PM,1:13,Barnes 19' Pullup Jump Shot (7 PTS),,,35 - 56,21,4,203084,Harrison Barnes,1610612744.0,Golden State,Warriors,GSW,0,0,,,,,,0,0,,,,,,0
0021201039,236,1,78,2,11:36 PM,1:00,,,Wall 11' Floating Jump Shot (8 PTS),37 - 56,19,5,202322,John Wall,1610612764.0,Washington,Wizards,WAS,0,0,,,,,,0,0,,,,,,0
0021201039,237,1,43,2,11:36 PM,0:50,Lee 1' Alley Oop Layup (9 PTS) (Curry 5 AST),,,37 - 58,21,4,101135,David Lee,1610612744.0,Golden State,Warriors,GSW,4,201939,Stephen Curry,1610612744.0,Golden State,Warriors,GSW,0,0,,,,,,0
0021201039,238,9,1,2,11:36 PM,0:45,,,Wizards Timeout: Regular (Reg.3 Short 1),,,3,1610612764,,,,,,0,0,,,,,,0,0,,,,,,0
0021201039,242,2,1,2,11:38 PM,0:37,,,MISS Webster 24' 3PT Jump Shot,,,5,101110,Martell Webster,1610612764.0,Washington,Wizards,WAS,0,0,,,,,,0,0,,,,,,0
0021201039,243,4,0,2,11:38 PM,0:36,WARRIORS Rebound,,,,,2,1610612744,,,,,,0,0,,,,,,0,0,,,,,,0
0021201039,244,2,1,2,11:39 PM,0:22,MISS Curry  3PT Jump Shot,,,,,4,201939,Stephen Curry,1610612744.0,Golden State,Warriors,GSW,0,0,,,,,,0,0,,,,,,0
0021201039,245,4,0,2,11:39 PM,0:21,,,Okafor REBOUND (Off:1 Def:2),,,5,2731,Emeka Okafor,1610612764.0,Washington,Wizards,WAS,0,0,,,,,,0,0,,,,,,0
0021201039,246,1,1,2,11:39 PM,0:01,,,Martin  3PT Jump Shot (6 PTS) (Wall 2 AST),40 - 58,18,5,201858,Cartier Martin,1610612764.0,Washington,Wizards,WAS,5,202322,John Wall,1610612764.0,Washington,Wizards,WAS,0,0,,,,,,0
0021201039,247,13,0,2,11:39 PM,0:00,,End of 2nd Period (11:39 PM EST),,40 - 58,18,0,0,,,,,,0,0,,,,,,0,0,,,,,,0
0021201039,249,12,0,3,11:55 PM,12:00,,Start of 3rd Period (11:55 PM EST),,40 - 58,18,0,0,,,,,,0,0,,,,,,0,0,,,,,,0
0021201039,250,2,1,3,11:55 PM,11:46,,,MISS Webster 26' 3PT Jump Shot,,,5,101110,Martell Webster,1610612764.0,Washington,Wizards,WAS,0,0,,,,,,0,0,,,,,,0
0021201039,251,4,0,3,11:55 PM,11:45,Bogut REBOUND (Off:0 Def:2),,,,,4,101106,Andrew Bogut,1610612744.0,Golden State,Warriors,GSW,0,0,,,,,,0,0,,,,,,0
0021201039,252,1,79,3,11:56 PM,11:27,Curry 22' Pullup Jump Shot (22 PTS) (Bogut 2 AST),,,40 - 60,20,4,201939,Stephen Curry,1610612744.0,Golden State,Warriors,GSW,4,101106,Andrew Bogut,1610612744.0,Golden State,Warriors,GSW,0,0,,,,,,0
0021201039,253,1,8,3,11:56 PM,11:16,,,Webster 1' Slam Dunk (6 PTS) (Nene 2 AST),42 - 60,18,5,101110,Martell Webster,1610612764.0,Washington,Wizards,WAS,5,2403,Nene,1610612764.0,Washington,Wizards,WAS,0,0,,,,,,0
0021201039,254,2,1,3,11:56 PM,10:59,MISS Lee 19' Jump Shot,,,,,4,101135,David Lee,1610612744.0,Golden State,Warriors,GSW,0,0,,,,,,0,0,,,,,,0
0021201039,255,4,0,3,11:56 PM,10:57,,,Webster REBOUND (Off:0 Def:2),,,5,101110,Martell Webster,1610612764.0,Washington,Wizards,WAS,0,0,,,,,,0,0,,,,,,0
0021201039,256,1,80,3,11:56 PM,10:51,,,Wall 18' Step Back Jump Shot (10 PTS),44 - 60,16,5,202322,John Wall,1610612764.0,Washington,Wizards,WAS,0,0,,,,,,0,0,,,,,,0
0021201039,257,5,1,3,11:57 PM,10:36,Curry Bad Pass Turnover (P1.T8),,Webster STEAL (1 STL),,,4,201939,Stephen Curry,1610612744.0,Golden State,Warriors,GSW,5,101110,Martell Webster,1610612764.0,Washington,Wizards,WAS,0,0,,,,,,0
0021201039,258,2,1,3,11:57 PM,10:31,,,MISS Wall 11' Jump Shot,,,5,202322,John Wall,1610612764.0,Washington,Wizards,WAS,0,0,,,,,,0,0,,,,,,0
0021201039,259,4,0,3,11:57 PM,10:30,,,Webster REBOUND (Off:1 Def:2),,,5,101110,Martell Webster,1610612764.0,Washington,Wizards,WAS,0,0,,,,,,0,0,,,,,,0
0021201039,260,1,79,3,11:57 PM,10:26,,,Temple 19' Pullup Jump Shot (4 PTS) (Webster 1 AST),46 - 60,14,5,202066,Garrett Temple,1610612764.0,Washington,Wizards,WAS,5,101110,Martell Webster,1610612764.0,Washington,Wizards,WAS,0,0,,,,,,0
0021201039,261,9,1,3,11:58 PM,10:26,WARRIORS Timeout: Regular (Full 3 Short 1),,,,,2,1610612744,,,,,,0,0,,,,,,0,0,,,,,,0
0021201039,263,5,1,3,11:59 PM,10:12,Lee Bad Pass Turnover (P2.T9),,Nene STEAL (1 STL),,,4,101135,David Lee,1610612744.0,Golden State,Warriors,GSW,5,2403,Nene,1610612764.0,Washington,Wizards,WAS,0,0,,,,,,0
0021201039,264,1,75,3,11:59 PM,10:08,,,Nene 3' Driving Finger Roll Layup (7 PTS),48 - 60,12,5,2403,Nene,1610612764.0,Washington,Wizards,WAS,0,0,,,,,,0,0,,,,,,0
0021201039,265,6,2,3,12:00 AM,9:53,,,Webster S.FOUL (P1.T1),,,5,101110,Martell Webster,1610612764.0,Washington,Wizards,WAS,4,203084,Harrison Barnes,1610612744.0,Golden State,Warriors,GSW,1,0,,,,,,0
0021201039,266,3,11,3,12:00 AM,9:53,Barnes Free Throw 1 of 2 (8 PTS),,,48 - 61,13,4,203084,Harrison Barnes,1610612744.0,Golden State,Warriors,GSW,0,0,,,,,,0,0,,,,,,0
0021201039,268,3,12,3,12:00 AM,9:53,Barnes Free Throw 2 of 2 (9 PTS),,,48 - 62,14,4,203084,Harrison Barnes,1610612744.0,Golden State,Warriors,GSW,0,0,,,,,,0,0,,,,,,0
0021201039,270,1,73,3,12:00 AM,9:32,,,Nene 3' Driving Reverse Layup (9 PTS),50 - 62,12,5,2403,Nene,1610612764.0,Washington,Wizards,WAS,0,0,,,,,,0,0,,,,,,0
0021201039,271,2,1,3,12:01 AM,9:15,MISS Barnes  3PT Jump Shot,,,,,4,203084,Harrison Barnes,1610612744.0,Golden State,Warriors,GSW,0,0,,,,,,0,0,,,,,,0
0021201039,272,4,0,3,12:01 AM,9:13,Bogut REBOUND (Off:1 Def:2),,,,,4,101106,Andrew Bogut,1610612744.0,Golden State,Warriors,GSW,0,0,,,,,,0,0,,,,,,0
0021201039,273,1,80,3,12:01 AM,9:12,Curry 27' 3PT Step Back Jump Shot (25 PTS) (Bogut 3 AST),,,50 - 65,15,4,201939,Stephen Curry,1610612744.0,Golden State,Warriors,GSW,4,101106,Andrew Bogut,1610612744.0,Golden State,Warriors,GSW,0,0,,,,,,0
0021201039,274,6,1,3,12:01 AM,9:01,Bogut P.FOUL (P2.T1),,,,,4,101106,Andrew Bogut,1610612744.0,Golden State,Warriors,GSW,5,2403,Nene,1610612764.0,Washington,Wizards,WAS,1,0,,,,,,0
0021201039,275,2,1,3,12:01 AM,8:53,,,MISS Okafor 6' Jump Shot,,,5,2731,Emeka Okafor,1610612764.0,Washington,Wizards,WAS,0,0,,,,,,0,0,,,,,,0
0021201039,276,4,0,3,12:01 AM,8:52,,,Okafor REBOUND (Off:2 Def:2),,,5,2731,Emeka Okafor,1610612764.0,Washington,Wizards,WAS,0,0,,,,,,0,0,,,,,,0
0021201039,277,2,1,3,12:01 AM,8:51,Bogut BLOCK (2 BLK),,MISS Okafor 4' Jump Shot,,,5,2731,Emeka Okafor,1610612764.0,Washington,Wizards,WAS,0,0,,,,,,4,101106,Andrew Bogut,1610612744.0,Golden State,Warriors,GSW,0
0021201039,278,4,0,3,12:01 AM,8:49,,,Wall REBOUND (Off:2 Def:1),,,5,202322,John Wall,1610612764.0,Washington,Wizards,WAS,0,0,,,,,,0,0,,,,,,0
0021201039,279,1,79,3,12:01 AM,8:45,,,Temple  3PT Pullup Jump Shot (7 PTS) (Wall 3 AST),53 - 65,12,5,202066,Garrett Temple,1610612764.0,Washington,Wizards,WAS,5,202322,John Wall,1610612764.0,Washington,Wizards,WAS,0,0,,,,,,0
0021201039,280,6,4,3,12:02 AM,8:32,Bogut OFF.Foul (P3),,,,,4,101106,Andrew Bogut,1610612744.0,Golden State,Warriors,GSW,5,2731,Emeka Okafor,1610612764.0,Washington,Wizards,WAS,1,0,,,,,,0
0021201039,281,5,5,3,12:02 AM,8:32,Bogut Foul Turnover (P1.T10),,,,,4,101106,Andrew Bogut,1610612744.0,Golden State,Warriors,GSW,0,0,,,,,,1,0,,,,,,0
0021201039,282,1,79,3,12:02 AM,8:17,,,Wall 16' Pullup Jump Shot (12 PTS),55 - 65,10,5,202322,John Wall,1610612764.0,Washington,Wizards,WAS,0,0,,,,,,0,0,,,,,,0
0021201039,283,1,52,3,12:02 AM,8:02,Bogut 2' Alley Oop Dunk (8 PTS) (Curry 6 AST),,,55 - 67,12,4,101106,Andrew Bogut,1610612744.0,Golden State,Warriors,GSW,4,201939,Stephen Curry,1610612744.0,Golden State,Warriors,GSW,0,0,,,,,,0
0021201039,284,10,0,3,12:03 AM,7:48,Jump Ball Lee vs. Wall: Tip to Okafor,,,,,4,101135,David Lee,1610612744.0,Golden State,Warriors,GSW,5,202322,John Wall,1610612764.0,Washington,Wizards,WAS,5,2731,Emeka Okafor,1610612764.0,Washington,Wizards,WAS,0
0021201039,285,5,1,3,12:03 AM,7:41,Curry STEAL (1 STL),,Temple Bad Pass Turnover (P3.T4),,,5,202066,Garrett Temple,1610612764.0,Washington,Wizards,WAS,4,201939,Stephen Curry,1610612744.0,Golden State,Warriors,GSW,0,0,,,,,,0
0021201039,286,1,42,3,12:03 AM,7:37,Barnes  Driving Layup (11 PTS),,,55 - 69,14,4,203084,Harrison Barnes,1610612744.0,Golden State,Warriors,GSW,0,0,,,,,,0,0,,,,,,0
0021201039,287,6,4,3,12:04 AM,7:30,,,Webster OFF.Foul (P2),,,5,101110,Martell Webster,1610612764.0,Washington,Wizards,WAS,4,101106,Andrew Bogut,1610612744.0,Golden State,Warriors,GSW,1,0,,,,,,0
0021201039,288,5,5,3,12:04 AM,7:30,,,Webster Foul Turnover (P1.T5),,,5,101110,Martell Webster,1610612764.0,Washington,Wizards,WAS,0,0,,,,,,1,0,,,,,,0
0021201039,289,2,79,3,12:04 AM,7:07,MISS Thompson 27' 3PT Pullup Jump Shot,,,,,4,202691,Klay Thompson,1610612744.0,Golden State,Warriors,GSW,0,0,,,,,,0,0,,,,,,0
0021201039,290,4,0,3,12:04 AM,7:06,Bogut REBOUND (Off:2 Def:2),,,,,4,101106,Andrew Bogut,1610612744.0,Golden State,Warriors,GSW,0,0,,,,,,0,0,,,,,,0
0021201039,291,5,1,3,12:05 AM,6:56,Curry Bad Pass Turnover (P2.T11),,Nene STEAL (2 STL),,,4,201939,Stephen Curry,1610612744.0,Golden State,Warriors,GSW,5,2403,Nene,1610612764.0,Washington,Wizards,WAS,0,0,,,,,,0
0021201039,292,6,2,3,12:05 AM,6:52,Thompson S.FOUL (P2.T2),,,,,4,202691,Klay Thompson,1610612744.0,Golden State,Warriors,GSW,5,202322,John Wall,1610612764.0,Washington,Wizards,WAS,1,0,,,,,,0
0021201039,293,3,11,3,12:05 AM,6:52,,,Wall Free Throw 1 of 2 (13 PTS),56 - 69,13,5,202322,John Wall,1610612764.0,Washington,Wizards,WAS,0,0,,,,,,0,0,,,,,,0
0021201039,295,3,12,3,12:05 AM,6:52,,,Wall Free Throw 2 of 2 (14 PTS),57 - 69,12,5,202322,John Wall,1610612764.0,Washington,Wizards,WAS,0,0,,,,,,0,0,,,,,,0
0021201039,297,6,16,3,12:07 AM,6:41,,"Double Technical - Thompson, Wall",,,,4,202691,Klay Thompson,1610612744.0,Golden State,Warriors,GSW,5,202322,John Wall,1610612764.0,Washington,Wizards,WAS,1,0,,,,,,0
0021201039,298,11,1,3,12:07 AM,6:41,,,Wall Ejection:Second Technical,,,5,202322,John Wall,1610612764.0,Washington,Wizards,WAS,0,0,,,,,,1,0,,,,,,0
0021201039,299,8,0,3,12:07 AM,6:41,,,SUB: Martin FOR Wall,,,5,202322,John Wall,1610612764.0,Washington,Wizards,WAS,5,201858,Cartier Martin,1610612764.0,Washington,Wizards,WAS,0,0,,,,,,0
0021201039,301,2,1,3,12:08 AM,6:34,MISS Thompson 20' Jump Shot,,,,,4,202691,Klay Thompson,1610612744.0,Golden State,Warriors,GSW,0,0,,,,,,0,0,,,,,,0
0021201039,302,4,0,3,12:08 AM,6:34,WARRIORS Rebound,,,,,2,1610612744,,,,,,0,0,,,,,,0,0,,,,,,0
0021201039,303,6,1,3,12:08 AM,6:34,,,Nene P.FOUL (P1.T2),,,5,2403,Nene,1610612764.0,Washington,Wizards,WAS,4,101106,Andrew Bogut,1610612744.0,Golden State,Warriors,GSW,1,0,,,,,,0
0021201039,304,6,2,3,12:09 AM,6:25,,,Okafor S.FOUL (P1.T3),,,5,2731,Emeka Okafor,1610612764.0,Washington,Wizards,WAS,4,202691,Klay Thompson,1610612744.0,Golden State,Warriors,GSW,1,0,,,,,,0
0021201039,305,3,11,3,12:09 AM,6:25,Thompson Free Throw 1 of 2 (15 PTS),,,57 - 70,13,4,202691,Klay Thompson,1610612744.0,Golden State,Warriors,GSW,0,0,,,,,,0,0,,,,,,0
0021201039,307,3,12,3,12:09 AM,6:25,MISS Thompson Free Throw 2 of 2,,,,,4,202691,Klay Thompson,1610612744.0,Golden State,Warriors,GSW,0,0,,,,,,0,0,,,,,,0
0021201039,309,4,0,3,12:09 AM,6:24,,,Nene REBOUND (Off:1 Def:2),,,5,2403,Nene,1610612764.0,Washington,Wizards,WAS,0,0,,,,,,0,0,,,,,,0
0021201039,310,2,1,3,12:09 AM,6:14,,,MISS Nene 16' Jump Shot,,,5,2403,Nene,1610612764.0,Washington,Wizards,WAS,0,0,,,,,,0,0,,,,,,0
0021201039,311,4,0,3,12:09 AM,6:13,Barnes REBOUND (Off:0 Def:6),,,,,4,203084,Harrison Barnes,1610612744.0,Golden State,Warriors,GSW,0,0,,,,,,0,0,,,,,,0
0021201039,312,5,1,3,12:10 AM,5:55,Bogut Bad Pass Turnover (P2.T12),,,,,4,101106,Andrew Bogut,1610612744.0,Golden State,Warriors,GSW,0,0,,,,,,1,0,,,,,,0
0021201039,313,5,1,3,12:10 AM,5:41,,,Martin Bad Pass Turnover (P1.T6),,,5,201858,Cartier Martin,1610612764.0,Washington,Wizards,WAS,0,0,,,,,,1,0,,,,,,0
0021201039,314,1,8,3,12:10 AM,5:24,Lee 2' Slam Dunk (11 PTS) (Bogut 4 AST),,,57 - 72,15,4,101135,David Lee,1610612744.0,Golden State,Warriors,GSW,4,101106,Andrew Bogut,1610612744.0,Golden State,Warriors,GSW,0,0,,,,,,0
0021201039,315,2,1,3,12:11 AM,5:05,,,MISS Temple 17' Jump Shot,,,5,202066,Garrett Temple,1610612764.0,Washington,Wizards,WAS,0,0,,,,,,0,0,,,,,,0
0021201039,316,4,0,3,12:11 AM,5:04,Barnes REBOUND (Off:0 Def:7),,,,,4,203084,Harrison Barnes,1610612744.0,Golden State,Warriors,GSW,0,0,,,,,,0,0,,,,,,0
0021201039,317,1,52,3,12:11 AM,5:00,Bogut 1' Alley Oop Dunk (10 PTS) (Curry 7 AST),,,57 - 74,17,4,101106,Andrew Bogut,1610612744.0,Golden State,Warriors,GSW,4,201939,Stephen Curry,1610612744.0,Golden State,Warriors,GSW,0,0,,,,,,0
0021201039,318,9,1,3,12:11 AM,4:58,,,Wizards Timeout: Regular (Reg.4 Short 1),,,3,1610612764,,,,,,0,0,,,,,,0,0,,,,,,0
0021201039,322,1,79,3,12:13 AM,4:46,,,Martin 26' 3PT Pullup Jump Shot (9 PTS) (Nene 3 AST),60 - 74,14,5,201858,Cartier Martin,1610612764.0,Washington,Wizards,WAS,5,2403,Nene,1610612764.0,Washington,Wizards,WAS,0,0,,,,,,0
0021201039,323,2,78,3,12:14 AM,4:23,MISS Bogut 7' Floating Jump Shot,,,,,4,101106,Andrew Bogut,1610612744.0,Golden State,Warriors,GSW,0,0,,,,,,0,0,,,,,,0
0021201039,324,4,0,3,12:14 AM,4:22,,,Martin REBOUND (Off:0 Def:2),,,5,201858,Cartier Martin,1610612764.0,Washington,Wizards,WAS,0,0,,,,,,0,0,,,,,,0
0021201039,325,2,47,3,12:14 AM,4:10,,,MISS Nene 3' Turnaround Jump Shot,,,5,2403,Nene,1610612764.0,Washington,Wizards,WAS,0,0,,,,,,0,0,,,,,,0
0021201039,326,4,0,3,12:14 AM,4:09,,,Okafor REBOUND (Off:3 Def:2),,,5,2731,Emeka Okafor,1610612764.0,Washington,Wizards,WAS,0,0,,,,,,0,0,,,,,,0
0021201039,327,2,5,3,12:14 AM,4:08,,,MISS Okafor 3' Layup,,,5,2731,Emeka Okafor,1610612764.0,Washington,Wizards,WAS,0,0,,,,,,0,0,,,,,,0
0021201039,328,4,0,3,12:14 AM,4:06,Lee REBOUND (Off:1 Def:10),,,,,4,101135,David Lee,1610612744.0,Golden State,Warriors,GSW,0,0,,,,,,0,0,,,,,,0
0021201039,329,1,79,3,12:14 AM,3:58,Curry 26' 3PT Pullup Jump Shot (28 PTS),,,60 - 77,17,4,201939,Stephen Curry,1610612744.0,Golden State,Warriors,GSW,0,0,,,,,,0,0,,,,,,0
0021201039,330,1,75,3,12:14 AM,3:47,,,Webster 3' Driving Finger Roll Layup (8 PTS),62 - 77,15,5,101110,Martell Webster,1610612764.0,Washington,Wizards,WAS,0,0,,,,,,0,0,,,,,,0
0021201039,331,2,1,3,12:15 AM,3:39,MISS Thompson 25' 3PT Jump Shot,,,,,4,202691,Klay Thompson,1610612744.0,Golden State,Warriors,GSW,0,0,,,,,,0,0,,,,,,0
0021201039,332,4,0,3,12:15 AM,3:38,,,Nene REBOUND (Off:1 Def:3),,,5,2403,Nene,1610612764.0,Washington,Wizards,WAS,0,0,,,,,,0,0,,,,,,0
0021201039,333,1,42,3,12:15 AM,3:28,,,Webster 1' Driving Layup (10 PTS) (Nene 4 AST),64 - 77,13,5,101110,Martell Webster,1610612764.0,Washington,Wizards,WAS,5,2403,Nene,1610612764.0,Washington,Wizards,WAS,0,0,,,,,,0
0021201039,334,2,1,3,12:15 AM,3:15,MISS Lee 11' Jump Shot,,,,,4,101135,David Lee,1610612744.0,Golden State,Warriors,GSW,0,0,,,,,,0,0,,,,,,0
0021201039,335,4,0,3,12:15 AM,3:15,,,Wizards Rebound,,,3,1610612764,,,,,,0,0,,,,,,0,0,,,,,,0
0021201039,336,6,3,3,12:15 AM,3:15,Bogut L.B.FOUL (P4.T3),,,,,4,101106,Andrew Bogut,1610612744.0,Golden State,Warriors,GSW,5,2731,Emeka Okafor,1610612764.0,Washington,Wizards,WAS,1,0,,,,,,0
0021201039,337,8,0,3,12:15 AM,3:15,SUB: Landry FOR Bogut,,,,,4,101106,Andrew Bogut,1610612744.0,Golden State,Warriors,GSW,4,201171,Carl Landry,1610612744.0,Golden State,Warriors,GSW,0,0,,,,,,0
0021201039,338,8,0,3,12:15 AM,3:15,SUB: Jack FOR Barnes,,,,,4,203084,Harrison Barnes,1610612744.0,Golden State,Warriors,GSW,4,101127,Jarrett Jack,1610612744.0,Golden State,Warriors,GSW,0,0,,,,,,0
0021201039,339,8,0,3,12:15 AM,3:15,,,SUB: Booker FOR Nene,,,5,2403,Nene,1610612764.0,Washington,Wizards,WAS,5,202344,Trevor Booker,1610612764.0,Washington,Wizards,WAS,0,0,,,,,,0
0021201039,340,8,0,3,12:15 AM,3:15,,,SUB: Seraphin FOR Okafor,,,5,2731,Emeka Okafor,1610612764.0,Washington,Wizards,WAS,5,202338,Kevin Seraphin,1610612764.0,Washington,Wizards,WAS,0,0,,,,,,0
0021201039,341,2,58,3,12:16 AM,2:59,,,MISS Seraphin 10' Turnaround Hook Shot,,,5,202338,Kevin Seraphin,1610612764.0,Washington,Wizards,WAS,0,0,,,,,,0,0,,,,,,0
0021201039,342,4,0,3,12:16 AM,2:57,Lee REBOUND (Off:1 Def:11),,,,,4,101135,David Lee,1610612744.0,Golden State,Warriors,GSW,0,0,,,,,,0,0,,,,,,0
0021201039,343,1,79,3,12:16 AM,2:41,Thompson 26' 3PT Pullup Jump Shot (18 PTS) (Lee 4 AST),,,64 - 80,16,4,202691,Klay Thompson,1610612744.0,Golden State,Warriors,GSW,4,101135,David Lee,1610612744.0,Golden State,Warriors,GSW,0,0,,,,,,0
0021201039,344,5,6,3,12:16 AM,2:35,,,Temple Double Dribble Turnover (P4.T7),,,5,202066,Garrett Temple,1610612764.0,Washington,Wizards,WAS,0,0,,,,,,1,0,,,,,,0
0021201039,345,1,80,3,12:16 AM,2:23,Jack 19' Step Back Jump Shot (4 PTS) (Curry 8 AST),,,64 - 82,18,4,101127,Jarrett Jack,1610612744.0,Golden State,Warriors,GSW,4,201939,Stephen Curry,1610612744.0,Golden State,Warriors,GSW,0,0,,,,,,0
0021201039,346,6,1,3,12:17 AM,2:07,Lee P.FOUL (P2.T4),,,,,4,101135,David Lee,1610612744.0,Golden State,Warriors,GSW,5,202344,Trevor Booker,1610612764.0,Washington,Wizards,WAS,1,0,,,,,,0
0021201039,347,2,58,3,12:17 AM,1:56,,,MISS Booker 7' Turnaround Hook Shot,,,5,202344,Trevor Booker,1610612764.0,Washington,Wizards,WAS,0,0,,,,,,0,0,,,,,,0
0021201039,348,4,0,3,12:17 AM,1:55,Landry REBOUND (Off:1 Def:3),,,,,4,201171,Carl Landry,1610612744.0,Golden State,Warriors,GSW,0,0,,,,,,0,0,,,,,,0
0021201039,349,6,4,3,12:17 AM,1:43,Lee OFF.Foul (P3),,,,,4,101135,David Lee,1610612744.0,Golden State,Warriors,GSW,5,101110,Martell Webster,1610612764.0,Washington,Wizards,WAS,1,0,,,,,,0
0021201039,350,5,5,3,12:17 AM,1:43,Lee Foul Turnover (P3.T13),,,,,4,101135,David Lee,1610612744.0,Golden State,Warriors,GSW,0,0,,,,,,1,0,,,,,,0
0021201039,351,8,0,3,12:18 AM,1:43,SUB: Ezeli FOR Lee,,,,,4,101135,David Lee,1610612744.0,Golden State,Warriors,GSW,4,203105,Festus Ezeli,1610612744.0,Golden State,Warriors,GSW,0,0,,,,,,0
0021201039,352,2,1,3,12:18 AM,1:28,,,MISS Webster 26' 3PT Jump Shot,,,5,101110,Martell Webster,1610612764.0,Washington,Wizards,WAS,0,0,,,,,,0,0,,,,,,0
0021201039,353,4,0,3,12:18 AM,1:27,,,Booker REBOUND (Off:1 Def:1),,,5,202344,Trevor Booker,1610612764.0,Washington,Wizards,WAS,0,0,,,,,,0,0,,,,,,0
0021201039,354,5,1,3,12:18 AM,1:17,Jack STEAL (1 STL),,Martin Bad Pass Turnover (P2.T8),,,5,201858,Cartier Martin,1610612764.0,Washington,Wizards,WAS,4,101127,Jarrett Jack,1610612744.0,Golden State,Warriors,GSW,0,0,,,,,,0
0021201039,355,6,3,3,12:18 AM,1:16,,,Seraphin L.B.FOUL (P2.T4),,,5,202338,Kevin Seraphin,1610612764.0,Washington,Wizards,WAS,4,201939,Stephen Curry,1610612744.0,Golden State,Warriors,GSW,1,0,,,,,,0
0021201039,356,8,0,3,12:19 AM,1:16,,,SUB: Singleton FOR Webster,,,5,101110,Martell Webster,1610612764.0,Washington,Wizards,WAS,5,202698,Chris Singleton,1610612764.0,Washington,Wizards,WAS,0,0,,,,,,0
0021201039,357,6,4,3,12:19 AM,1:08,Landry OFF.Foul (P1),,,,,4,201171,Carl Landry,1610612744.0,Golden State,Warriors,GSW,5,202066,Garrett Temple,1610612764.0,Washington,Wizards,WAS,1,0,,,,,,0
0021201039,358,5,5,3,12:19 AM,1:08,Landry Foul Turnover (P1.T14),,,,,4,201171,Carl Landry,1610612744.0,Golden State,Warriors,GSW,0,0,,,,,,1,0,,,,,,0
0021201039,359,2,65,3,12:19 AM,0:52,,,MISS Seraphin 12' Jump Hook Shot,,,5,202338,Kevin Seraphin,1610612764.0,Washington,Wizards,WAS,0,0,,,,,,0,0,,,,,,0
0021201039,360,4,0,3,12:19 AM,0:51,Curry REBOUND (Off:0 Def:2),,,,,4,201939,Stephen Curry,1610612744.0,Golden State,Warriors,GSW,0,0,,,,,,0,0,,,,,,0
0021201039,361,2,79,3,12:19 AM,0:46,MISS Curry 28' 3PT Pullup Jump Shot,,,,,4,201939,Stephen Curry,1610612744.0,Golden State,Warriors,GSW,0,0,,,,,,0,0,,,,,,0
0021201039,362,4,0,3,12:19 AM,0:43,Ezeli REBOUND (Off:2 Def:2),,,,,4,203105,Festus Ezeli,1610612744.0,Golden State,Warriors,GSW,0,0,,,,,,0,0,,,,,,0
0021201039,363,2,80,3,12:20 AM,0:29,MISS Jack 21' Step Back Jump Shot,,,,,4,101127,Jarrett Jack,1610612744.0,Golden State,Warriors,GSW,0,0,,,,,,0,0,,,,,,0
0021201039,364,4,0,3,12:20 AM,0:27,,,Booker REBOUND (Off:1 Def:2),,,5,202344,Trevor Booker,1610612764.0,Washington,Wizards,WAS,0,0,,,,,,0,0,,,,,,0
0021201039,365,2,1,3,12:20 AM,0:06,,,MISS Temple 26' 3PT Jump Shot,,,5,202066,Garrett Temple,1610612764.0,Washington,Wizards,WAS,0,0,,,,,,0,0,,,,,,0
0021201039,366,4,0,3,12:20 AM,0:05,,,Wizards Rebound,,,3,1610612764,,,,,,0,0,,,,,,0,0,,,,,,0
0021201039,367,5,11,3,12:20 AM,0:05,,,Wizards Turnover: Shot Clock (T#9),,,3,1610612764,,,,,,0,0,,,,,,1,0,,,,,,0
0021201039,368,8,0,3,12:21 AM,0:05,SUB: Bazemore FOR Ezeli,,,,,4,203105,Festus Ezeli,1610612744.0,Golden State,Warriors,GSW,4,203145,Kent Bazemore,1610612744.0,Golden State,Warriors,GSW,0,0,,,,,,0
0021201039,369,2,42,3,12:21 AM,0:01,MISS Bazemore 3' Driving Layup,,,,,4,203145,Kent Bazemore,1610612744.0,Golden State,Warriors,GSW,0,0,,,,,,0,0,,,,,,0
0021201039,370,4,0,3,12:21 AM,0:00,,,Seraphin REBOUND (Off:0 Def:3),,,5,202338,Kevin Seraphin,1610612764.0,Washington,Wizards,WAS,0,0,,,,,,0,0,,,,,,0
0021201039,371,13,0,3,12:21 AM,0:00,,End of 3rd Period (12:21 AM EST),,64 - 82,18,0,0,,,,,,0,0,,,,,,0,0,,,,,,0
0021201039,374,12,0,4,12:25 AM,12:00,,Start of 4th Period (12:25 AM EST),,64 - 82,18,0,0,,,,,,0,0,,,,,,0,0,,,,,,0
0021201039,375,2,1,4,12:25 AM,11:41,MISS Landry 20' Jump Shot,,,,,4,201171,Carl Landry,1610612744.0,Golden State,Warriors,GSW,0,0,,,,,,0,0,,,,,,0
0021201039,376,4,0,4,12:25 AM,11:40,,,Singleton REBOUND (Off:1 Def:2),,,5,202698,Chris Singleton,1610612764.0,Washington,Wizards,WAS,0,0,,,,,,0,0,,,,,,0
0021201039,377,2,1,4,12:25 AM,11:21,,,MISS Martin 26' 3PT Jump Shot,,,5,201858,Cartier Martin,1610612764.0,Washington,Wizards,WAS,0,0,,,,,,0,0,,,,,,0
0021201039,378,4,0,4,12:26 AM,11:19,,,Singleton REBOUND (Off:2 Def:2),,,5,202698,Chris Singleton,1610612764.0,Washington,Wizards,WAS,0,0,,,,,,0,0,,,,,,0
0021201039,379,6,3,4,12:26 AM,11:19,Green L.B.FOUL (P1.T1),,,,,4,203110,Draymond Green,1610612744.0,Golden State,Warriors,GSW,5,202698,Chris Singleton,1610612764.0,Washington,Wizards,WAS,1,0,,,,,,0
0021201039,380,2,1,4,12:26 AM,11:07,,,MISS Singleton 17' Jump Shot,,,5,202698,Chris Singleton,1610612764.0,Washington,Wizards,WAS,0,0,,,,,,0,0,,,,,,0
0021201039,381,4,0,4,12:26 AM,11:06,,,Booker REBOUND (Off:2 Def:2),,,5,202344,Trevor Booker,1610612764.0,Washington,Wizards,WAS,0,0,,,,,,0,0,,,,,,0
0021201039,382,1,5,4,12:26 AM,11:05,,,Booker 1' Layup (6 PTS),66 - 82,16,5,202344,Trevor Booker,1610612764.0,Washington,Wizards,WAS,0,0,,,,,,0,0,,,,,,0
0021201039,383,5,2,4,12:26 AM,10:51,Jack Lost Ball Turnover (P2.T15),,Martin STEAL (1 STL),,,4,101127,Jarrett Jack,1610612744.0,Golden State,Warriors,GSW,5,201858,Cartier Martin,1610612764.0,Washington,Wizards,WAS,0,0,,,,,,0
0021201039,384,1,80,4,12:27 AM,10:39,,,Martin 19' Step Back Jump Shot (11 PTS) (Booker 1 AST),68 - 82,14,5,201858,Cartier Martin,1610612764.0,Washington,Wizards,WAS,5,202344,Trevor Booker,1610612764.0,Washington,Wizards,WAS,0,0,,,,,,0
0021201039,385,1,80,4,12:27 AM,10:21,Jack 19' Step Back Jump Shot (6 PTS),,,68 - 84,16,4,101127,Jarrett Jack,1610612744.0,Golden State,Warriors,GSW,0,0,,,,,,0,0,,,,,,0
0021201039,386,2,1,4,12:27 AM,10:00,,,MISS Singleton 12' Jump Shot,,,5,202698,Chris Singleton,1610612764.0,Washington,Wizards,WAS,0,0,,,,,,0,0,,,,,,0
0021201039,387,4,0,4,12:27 AM,9:59,Ezeli REBOUND (Off:2 Def:3),,,,,4,203105,Festus Ezeli,1610612744.0,Golden State,Warriors,GSW,0,0,,,,,,0,0,,,,,,0
0021201039,388,6,1,4,12:27 AM,9:54,,,Booker P.FOUL (P3.T1),,,5,202344,Trevor Booker,1610612764.0,Washington,Wizards,WAS,4,201171,Carl Landry,1610612744.0,Golden State,Warriors,GSW,1,0,,,,,,0
0021201039,389,8,0,4,12:28 AM,9:54,SUB: Barnes FOR Green,,,,,4,203110,Draymond Green,1610612744.0,Golden State,Warriors,GSW,4,203084,Harrison Barnes,1610612744.0,Golden State,Warriors,GSW,0,0,,,,,,0
0021201039,390,5,1,4,12:28 AM,9:40,Ezeli Bad Pass Turnover (P1.T16),,,,,4,203105,Festus Ezeli,1610612744.0,Golden State,Warriors,GSW,0,0,,,,,,1,0,,,,,,0
0021201039,391,2,1,4,12:28 AM,9:30,,,MISS Seraphin 17' Jump Shot,,,5,202338,Kevin Seraphin,1610612764.0,Washington,Wizards,WAS,0,0,,,,,,0,0,,,,,,0
0021201039,392,4,0,4,12:28 AM,9:27,Landry REBOUND (Off:1 Def:4),,,,,4,201171,Carl Landry,1610612744.0,Golden State,Warriors,GSW,0,0,,,,,,0,0,,,,,,0
0021201039,393,5,1,4,12:29 AM,9:14,Jack Bad Pass Turnover (P3.T17),,Singleton STEAL (1 STL),,,4,101127,Jarrett Jack,1610612744.0,Golden State,Warriors,GSW,5,202698,Chris Singleton,1610612764.0,Washington,Wizards,WAS,0,0,,,,,,0
0021201039,394,2,1,4,12:29 AM,9:10,Ezeli BLOCK (1 BLK),,MISS Singleton 5' Jump Shot,,,5,202698,Chris Singleton,1610612764.0,Washington,Wizards,WAS,0,0,,,,,,4,203105,Festus Ezeli,1610612744.0,Golden State,Warriors,GSW,0
0021201039,395,4,0,4,12:29 AM,9:08,,,Singleton REBOUND (Off:3 Def:2),,,5,202698,Chris Singleton,1610612764.0,Washington,Wizards,WAS,0,0,,,,,,0,0,,,,,,0
0021201039,396,2,5,4,12:29 AM,9:08,Ezeli BLOCK (2 BLK),,MISS Singleton 3' Layup,,,5,202698,Chris Singleton,1610612764.0,Washington,Wizards,WAS,0,0,,,,,,4,203105,Festus Ezeli,1610612744.0,Golden State,Warriors,GSW,0
0021201039,397,4,0,4,12:29 AM,9:08,,,Wizards Rebound,,,3,1610612764,,,,,,0,0,,,,,,0,0,,,,,,0
0021201039,398,8,0,4,12:29 AM,9:08,SUB: Curry FOR Bazemore,,,,,4,203145,Kent Bazemore,1610612744.0,Golden State,Warriors,GSW,4,201939,Stephen Curry,1610612744.0,Golden State,Warriors,GSW,0,0,,,,,,0
0021201039,399,1,1,4,12:29 AM,9:01,,,Martin 28' 3PT Jump Shot (14 PTS),71 - 84,13,5,201858,Cartier Martin,1610612764.0,Washington,Wizards,WAS,0,0,,,,,,0,0,,,,,,0
0021201039,400,6,2,4,12:30 AM,8:44,,,Singleton S.FOUL (P3.T2),,,5,202698,Chris Singleton,1610612764.0,Washington,Wizards,WAS,4,203084,Harrison Barnes,1610612744.0,Golden State,Warriors,GSW,1,0,,,,,,0
0021201039,401,9,4,4,12:30 AM,8:44,,Timeout: Official,,,,1,0,,,,,,0,0,,,,,,0,0,,,,,,0
0021201039,403,3,11,4,12:33 AM,8:44,Barnes Free Throw 1 of 2 (12 PTS),,,71 - 85,14,4,203084,Harrison Barnes,1610612744.0,Golden State,Warriors,GSW,0,0,,,,,,0,0,,,,,,0
0021201039,405,3,12,4,12:33 AM,8:44,MISS Barnes Free Throw 2 of 2,,,,,4,203084,Harrison Barnes,1610612744.0,Golden State,Warriors,GSW,0,0,,,,,,0,0,,,,,,0
0021201039,407,4,0,4,12:33 AM,8:43,,,Booker REBOUND (Off:2 Def:3),,,5,202344,Trevor Booker,1610612764.0,Washington,Wizards,WAS,0,0,,,,,,0,0,,,,,,0
0021201039,408,1,86,4,12:33 AM,8:28,,,Martin 17' Turnaround Fadeaway (16 PTS) (Temple 4 AST),73 - 85,12,5,201858,Cartier Martin,1610612764.0,Washington,Wizards,WAS,5,202066,Garrett Temple,1610612764.0,Washington,Wizards,WAS,0,0,,,,,,0
0021201039,409,6,2,4,12:33 AM,8:12,,,Martin S.FOUL (P2.T3),,,5,201858,Cartier Martin,1610612764.0,Washington,Wizards,WAS,4,101127,Jarrett Jack,1610612744.0,Golden State,Warriors,GSW,1,0,,,,,,0
0021201039,410,3,11,4,12:34 AM,8:12,Jack Free Throw 1 of 2 (7 PTS),,,73 - 86,13,4,101127,Jarrett Jack,1610612744.0,Golden State,Warriors,GSW,0,0,,,,,,0,0,,,,,,0
0021201039,412,3,12,4,12:34 AM,8:12,MISS Jack Free Throw 2 of 2,,,,,4,101127,Jarrett Jack,1610612744.0,Golden State,Warriors,GSW,0,0,,,,,,0,0,,,,,,0
0021201039,414,4,0,4,12:34 AM,8:11,,,Seraphin REBOUND (Off:0 Def:4),,,5,202338,Kevin Seraphin,1610612764.0,Washington,Wizards,WAS,0,0,,,,,,0,0,,,,,,0
0021201039,415,6,4,4,12:34 AM,8:05,,,Singleton OFF.Foul (P4),,,5,202698,Chris Singleton,1610612764.0,Washington,Wizards,WAS,4,203105,Festus Ezeli,1610612744.0,Golden State,Warriors,GSW,1,0,,,,,,0
0021201039,416,5,5,4,12:34 AM,8:05,,,Singleton Foul Turnover (P1.T10),,,5,202698,Chris Singleton,1610612764.0,Washington,Wizards,WAS,0,0,,,,,,1,0,,,,,,0
0021201039,417,5,39,4,12:35 AM,7:52,Curry Step Out of Bounds Turnover (P3.T18),,,,,4,201939,Stephen Curry,1610612744.0,Golden State,Warriors,GSW,0,0,,,,,,1,0,,,,,,0
0021201039,418,1,79,4,12:35 AM,7:33,,,Temple 19' Pullup Jump Shot (9 PTS),75 - 86,11,5,202066,Garrett Temple,1610612764.0,Washington,Wizards,WAS,0,0,,,,,,0,0,,,,,,0
0021201039,419,1,73,4,12:35 AM,7:25,Curry 2' Driving Reverse Layup (30 PTS),,,75 - 88,13,4,201939,Stephen Curry,1610612744.0,Golden State,Warriors,GSW,0,0,,,,,,0,0,,,,,,0
0021201039,420,6,2,4,12:35 AM,7:25,,,Temple S.FOUL (P2.T4),,,5,202066,Garrett Temple,1610612764.0,Washington,Wizards,WAS,4,201939,Stephen Curry,1610612744.0,Golden State,Warriors,GSW,1,0,,,,,,0
0021201039,421,3,10,4,12:36 AM,7:25,MISS Curry Free Throw 1 of 1,,,,,4,201939,Stephen Curry,1610612744.0,Golden State,Warriors,GSW,0,0,,,,,,0,0,,,,,,0
0021201039,423,4,0,4,12:36 AM,7:24,,,Seraphin REBOUND (Off:0 Def:5),,,5,202338,Kevin Seraphin,1610612764.0,Washington,Wizards,WAS,0,0,,,,,,0,0,,,,,,0
0021201039,424,1,79,4,12:36 AM,7:10,,,Martin 26' 3PT Pullup Jump Shot (19 PTS) (Temple 5 AST),78 - 88,10,5,201858,Cartier Martin,1610612764.0,Washington,Wizards,WAS,5,202066,Garrett Temple,1610612764.0,Washington,Wizards,WAS,0,0,,,,,,0
0021201039,425,2,80,4,12:36 AM,6:58,MISS Jack 18' Step Back Jump Shot,,,,,4,101127,Jarrett Jack,1610612744.0,Golden State,Warriors,GSW,0,0,,,,,,0,0,,,,,,0
0021201039,426,4,0,4,12:36 AM,6:57,,,Wizards Rebound,,,3,1610612764,,,,,,0,0,,,,,,0,0,,,,,,0
0021201039,427,1,47,4,12:36 AM,6:42,,,Seraphin 12' Turnaround Jump Shot (2 PTS) (Martin 2 AST),80 - 88,8,5,202338,Kevin Seraphin,1610612764.0,Washington,Wizards,WAS,5,201858,Cartier Martin,1610612764.0,Washington,Wizards,WAS,0,0,,,,,,0
0021201039,428,1,79,4,12:37 AM,6:27,Curry 27' 3PT Pullup Jump Shot (33 PTS) (Jack 5 AST),,,80 - 91,11,4,201939,Stephen Curry,1610612744.0,Golden State,Warriors,GSW,4,101127,Jarrett Jack,1610612744.0,Golden State,Warriors,GSW,0,0,,,,,,0
0021201039,429,5,2,4,12:37 AM,6:05,Curry STEAL (2 STL),,Singleton Lost Ball Turnover (P2.T11),,,5,202698,Chris Singleton,1610612764.0,Washington,Wizards,WAS,4,201939,Stephen Curry,1610612744.0,Golden State,Warriors,GSW,0,0,,,,,,0
0021201039,430,6,1,4,12:37 AM,6:03,,,Martin P.FOUL (P3.PN),,,5,201858,Cartier Martin,1610612764.0,Washington,Wizards,WAS,4,201939,Stephen Curry,1610612744.0,Golden State,Warriors,GSW,1,0,,,,,,0
0021201039,431,18,1,4,12:38 AM,6:03,,Overturn Ruling,,,,0,430,,,,,,0,0,,,,,,1,0,,,,,,0
0021201039,432,3,11,4,12:40 AM,6:03,Curry Free Throw 1 of 2 (34 PTS),,,80 - 92,12,4,201939,Stephen Curry,1610612744.0,Golden State,Warriors,GSW,0,0,,,,,,0,0,,,,,,0
0021201039,434,8,0,4,12:40 AM,6:03,SUB: Lee FOR Ezeli,,,,,4,203105,Festus Ezeli,1610612744.0,Golden State,Warriors,GSW,4,101135,David Lee,1610612744.0,Golden State,Warriors,GSW,0,0,,,,,,0
0021201039,435,8,0,4,12:40 AM,6:03,SUB: Bogut FOR Landry,,,,,4,201171,Carl Landry,1610612744.0,Golden State,Warriors,GSW,4,101106,Andrew Bogut,1610612744.0,Golden State,Warriors,GSW,0,0,,,,,,0
0021201039,436,3,12,4,12:40 AM,6:03,Curry Free Throw 2 of 2 (35 PTS),,,80 - 93,13,4,201939,Stephen Curry,1610612744.0,Golden State,Warriors,GSW,0,0,,,,,,0,0,,,,,,0
0021201039,438,6,28,4,12:42 AM,6:03,Barnes Personal Take Foul (P1.T2),,,,,4,203084,Harrison Barnes,1610612744.0,Golden State,Warriors,GSW,5,201858,Cartier Martin,1610612764.0,Washington,Wizards,WAS,1,0,,,,,,0
0021201039,439,9,1,4,12:42 AM,6:03,WARRIORS Timeout: Regular (Full 4 Short 1),,,,,2,1610612744,,,,,,0,0,,,,,,0,0,,,,,,0
0021201039,440,18,0,4,12:43 AM,6:03,,Support Ruling,,,,0,438,Robert Werdann,,,,,0,0,,,,,,1,0,,,,,,0
0021201039,445,8,0,4,12:43 AM,6:03,SUB: Thompson FOR Curry,,,,,4,201939,Stephen Curry,1610612744.0,Golden State,Warriors,GSW,4,202691,Klay Thompson,1610612744.0,Golden State,Warriors,GSW,0,0,,,,,,0
0021201039,441,3,11,4,12:44 AM,6:03,,,MISS Martin Free Throw 1 of 2,,,5,201858,Cartier Martin,1610612764.0,Washington,Wizards,WAS,0,0,,,,,,0,0,,,,,,0
0021201039,442,4,1,4,12:44 AM,6:03,,,Wizards Rebound,,,3,1610612764,,,,,,0,0,,,,,,0,0,,,,,,0
0021201039,443,3,12,4,12:44 AM,6:03,,,Martin Free Throw 2 of 2 (20 PTS),81 - 93,12,5,201858,Cartier Martin,1610612764.0,Washington,Wizards,WAS,0,0,,,,,,0,0,,,,,,0
0021201039,446,1,8,4,12:44 AM,5:46,Barnes  Slam Dunk (14 PTS) (Jack 6 AST),,,81 - 95,14,4,203084,Harrison Barnes,1610612744.0,Golden State,Warriors,GSW,4,101127,Jarrett Jack,1610612744.0,Golden State,Warriors,GSW,0,0,,,,,,0
0021201039,447,1,79,4,12:45 AM,5:28,,,Martin 26' 3PT Pullup Jump Shot (23 PTS) (Temple 6 AST),84 - 95,11,5,201858,Cartier Martin,1610612764.0,Washington,Wizards,WAS,5,202066,Garrett Temple,1610612764.0,Washington,Wizards,WAS,0,0,,,,,,0
0021201039,448,2,1,4,12:45 AM,5:05,MISS Jack 17' Jump Shot,,,,,4,101127,Jarrett Jack,1610612744.0,Golden State,Warriors,GSW,0,0,,,,,,0,0,,,,,,0
0021201039,449,4,0,4,12:45 AM,5:04,,,Singleton REBOUND (Off:3 Def:3),,,5,202698,Chris Singleton,1610612764.0,Washington,Wizards,WAS,0,0,,,,,,0,0,,,,,,0
0021201039,450,2,63,4,12:45 AM,4:50,,,MISS Singleton 17' Fadeaway Jumper,,,5,202698,Chris Singleton,1610612764.0,Washington,Wizards,WAS,0,0,,,,,,0,0,,,,,,0
0021201039,451,4,0,4,12:45 AM,4:49,Jack REBOUND (Off:0 Def:1),,,,,4,101127,Jarrett Jack,1610612744.0,Golden State,Warriors,GSW,0,0,,,,,,0,0,,,,,,0
0021201039,453,2,1,4,12:46 AM,4:32,MISS Thompson 20' Jump Shot,,,,,4,202691,Klay Thompson,1610612744.0,Golden State,Warriors,GSW,0,0,,,,,,0,0,,,,,,0
0021201039,454,4,0,4,12:46 AM,4:31,Barnes REBOUND (Off:1 Def:7),,,,,4,203084,Harrison Barnes,1610612744.0,Golden State,Warriors,GSW,0,0,,,,,,0,0,,,,,,0
0021201039,455,6,1,4,12:46 AM,4:30,,,Booker P.FOUL (P4.PN),,,5,202344,Trevor Booker,1610612764.0,Washington,Wizards,WAS,4,203084,Harrison Barnes,1610612744.0,Golden State,Warriors,GSW,1,0,,,,,,0
0021201039,456,3,11,4,12:46 AM,4:30,Barnes Free Throw 1 of 2 (15 PTS),,,84 - 96,12,4,203084,Harrison Barnes,1610612744.0,Golden State,Warriors,GSW,0,0,,,,,,0,0,,,,,,0
0021201039,458,3,12,4,12:46 AM,4:30,Barnes Free Throw 2 of 2 (16 PTS),,,84 - 97,13,4,203084,Harrison Barnes,1610612744.0,Golden State,Warriors,GSW,0,0,,,,,,0,0,,,,,,0
0021201039,460,1,1,4,12:47 AM,4:11,,,Booker 18' Jump Shot (8 PTS) (Martin 3 AST),86 - 97,11,5,202344,Trevor Booker,1610612764.0,Washington,Wizards,WAS,5,201858,Cartier Martin,1610612764.0,Washington,Wizards,WAS,0,0,,,,,,0
0021201039,461,2,58,4,12:47 AM,3:50,MISS Lee 13' Turnaround Hook Shot,,,,,4,101135,David Lee,1610612744.0,Golden State,Warriors,GSW,0,0,,,,,,0,0,,,,,,0
0021201039,462,4,0,4,12:47 AM,3:49,,,Martin REBOUND (Off:0 Def:3),,,5,201858,Cartier Martin,1610612764.0,Washington,Wizards,WAS,0,0,,,,,,0,0,,,,,,0
0021201039,463,1,65,4,12:47 AM,3:36,,,Seraphin 6' Jump Hook Shot (4 PTS) (Singleton 2 AST),88 - 97,9,5,202338,Kevin Seraphin,1610612764.0,Washington,Wizards,WAS,5,202698,Chris Singleton,1610612764.0,Washington,Wizards,WAS,0,0,,,,,,0
0021201039,466,2,1,4,12:48 AM,3:08,MISS Thompson 18' Jump Shot,,,,,4,202691,Klay Thompson,1610612744.0,Golden State,Warriors,GSW,0,0,,,,,,0,0,,,,,,0
0021201039,467,4,0,4,12:48 AM,3:06,,,Seraphin REBOUND (Off:0 Def:6),,,5,202338,Kevin Seraphin,1610612764.0,Washington,Wizards,WAS,0,0,,,,,,0,0,,,,,,0
0021201039,468,2,1,4,12:48 AM,2:50,,,MISS Seraphin 3' Jump Shot,,,5,202338,Kevin Seraphin,1610612764.0,Washington,Wizards,WAS,0,0,,,,,,0,0,,,,,,0
0021201039,469,4,0,4,12:48 AM,2:48,Lee REBOUND (Off:1 Def:12),,,,,4,101135,David Lee,1610612744.0,Golden State,Warriors,GSW,0,0,,,,,,0,0,,,,,,0
0021201039,470,6,1,4,12:49 AM,2:39,,,Temple P.FOUL (P3.PN),,,5,202066,Garrett Temple,1610612764.0,Washington,Wizards,WAS,4,101127,Jarrett Jack,1610612744.0,Golden State,Warriors,GSW,1,0,,,,,,0
0021201039,471,9,1,4,12:49 AM,2:39,,,Wizards Timeout: Regular (Reg.5 Short 1),,,3,1610612764,,,,,,0,0,,,,,,0,0,,,,,,0
0021201039,473,3,11,4,12:51 AM,2:39,Jack Free Throw 1 of 2 (8 PTS),,,88 - 98,10,4,101127,Jarrett Jack,1610612744.0,Golden State,Warriors,GSW,0,0,,,,,,0,0,,,,,,0
0021201039,475,3,12,4,12:51 AM,2:39,Jack Free Throw 2 of 2 (9 PTS),,,88 - 99,11,4,101127,Jarrett Jack,1610612744.0,Golden State,Warriors,GSW,0,0,,,,,,0,0,,,,,,0
0021201039,477,6,4,4,12:52 AM,2:18,,,Martin OFF.Foul (P4),,,5,201858,Cartier Martin,1610612764.0,Washington,Wizards,WAS,4,101106,Andrew Bogut,1610612744.0,Golden State,Warriors,GSW,1,0,,,,,,0
0021201039,478,5,5,4,12:52 AM,2:18,,,Martin Foul Turnover (P3.T12),,,5,201858,Cartier Martin,1610612764.0,Washington,Wizards,WAS,0,0,,,,,,1,0,,,,,,0
0021201039,479,5,41,4,12:52 AM,1:57,Bogut Poss Lost Ball Turnover (P3.T19),,,,,4,101106,Andrew Bogut,1610612744.0,Golden State,Warriors,GSW,0,0,,,,,,1,0,,,,,,0
0021201039,480,6,2,4,12:53 AM,1:40,Lee S.FOUL (P4.T3),,,,,4,101135,David Lee,1610612744.0,Golden State,Warriors,GSW,5,202344,Trevor Booker,1610612764.0,Washington,Wizards,WAS,1,0,,,,,,0
0021201039,481,3,11,4,12:53 AM,1:40,,,Booker Free Throw 1 of 2 (9 PTS),89 - 99,10,5,202344,Trevor Booker,1610612764.0,Washington,Wizards,WAS,0,0,,,,,,0,0,,,,,,0
0021201039,483,3,12,4,12:53 AM,1:40,,,Booker Free Throw 2 of 2 (10 PTS),90 - 99,9,5,202344,Trevor Booker,1610612764.0,Washington,Wizards,WAS,0,0,,,,,,0,0,,,,,,0
0021201039,485,5,4,4,12:54 AM,1:22,Barnes Traveling Turnover (P2.T20),,,,,4,203084,Harrison Barnes,1610612744.0,Golden State,Warriors,GSW,0,0,,,,,,1,0,,,,,,0
0021201039,486,2,79,4,12:54 AM,1:12,,,MISS Martin 27' 3PT Pullup Jump Shot,,,5,201858,Cartier Martin,1610612764.0,Washington,Wizards,WAS,0,0,,,,,,0,0,,,,,,0
0021201039,487,4,0,4,12:54 AM,1:10,Lee REBOUND (Off:1 Def:13),,,,,4,101135,David Lee,1610612744.0,Golden State,Warriors,GSW,0,0,,,,,,0,0,,,,,,0
0021201039,488,2,1,4,12:54 AM,0:49,MISS Barnes 11' Jump Shot,,,,,4,203084,Harrison Barnes,1610612744.0,Golden State,Warriors,GSW,0,0,,,,,,0,0,,,,,,0
0021201039,489,4,0,4,12:55 AM,0:49,Lee REBOUND (Off:2 Def:13),,,,,4,101135,David Lee,1610612744.0,Golden State,Warriors,GSW,0,0,,,,,,0,0,,,,,,0
0021201039,490,2,4,4,12:55 AM,0:49,MISS Lee 2' Tip Shot,,,,,4,101135,David Lee,1610612744.0,Golden State,Warriors,GSW,0,0,,,,,,0,0,,,,,,0
0021201039,491,4,0,4,12:55 AM,0:49,WARRIORS Rebound,,,,,2,1610612744,,,,,,0,0,,,,,,0,0,,,,,,0
0021201039,492,5,1,4,12:55 AM,0:46,Bogut Bad Pass Turnover (P4.T21),,Booker STEAL (1 STL),,,4,101106,Andrew Bogut,1610612744.0,Golden State,Warriors,GSW,5,202344,Trevor Booker,1610612764.0,Washington,Wizards,WAS,0,0,,,,,,0
0021201039,493,1,42,4,12:55 AM,0:43,,,Booker 1' Driving Layup (12 PTS),92 - 99,7,5,202344,Trevor Booker,1610612764.0,Washington,Wizards,WAS,0,0,,,,,,0,0,,,,,,0
0021201039,494,6,1,4,12:55 AM,0:36,,,Martin P.FOUL (P5.PN),,,5,201858,Cartier Martin,1610612764.0,Washington,Wizards,WAS,4,101127,Jarrett Jack,1610612744.0,Golden State,Warriors,GSW,1,0,,,,,,0
0021201039,495,3,11,4,12:55 AM,0:36,Jack Free Throw 1 of 2 (10 PTS),,,92 - 100,8,4,101127,Jarrett Jack,1610612744.0,Golden State,Warriors,GSW,0,0,,,,,,0,0,,,,,,0
0021201039,497,8,0,4,12:56 AM,0:36,SUB: Bazemore FOR Bogut,,,,,4,101106,Andrew Bogut,1610612744.0,Golden State,Warriors,GSW,4,203145,Kent Bazemore,1610612744.0,Golden State,Warriors,GSW,0,0,,,,,,0
0021201039,498,3,12,4,12:56 AM,0:36,Jack Free Throw 2 of 2 (11 PTS),,,92 - 101,9,4,101127,Jarrett Jack,1610612744.0,Golden State,Warriors,GSW,0,0,,,,,,0,0,,,,,,0
0021201039,500,5,1,4,12:56 AM,0:26,,,Temple Bad Pass Turnover (P5.T13),,,5,202066,Garrett Temple,1610612764.0,Washington,Wizards,WAS,0,0,,,,,,1,0,,,,,,0
0021201039,501,2,47,4,12:57 AM,0:03,MISS Bazemore 28' 3PT Turnaround Jump Shot,,,,,4,203145,Kent Bazemore,1610612744.0,Golden State,Warriors,GSW,0,0,,,,,,0,0,,,,,,0
0021201039,502,4,0,4,12:57 AM,0:02,WARRIORS Rebound,,,,,2,1610612744,,,,,,0,0,,,,,,0,0,,,,,,0
0021201039,503,5,11,4,12:57 AM,0:02,WARRIORS Turnover: Shot Clock (T#22),,,,,2,1610612744,,,,,,0,0,,,,,,1,0,,,,,,0
0021201039,504,13,0,4,12:57 AM,0:00,,End of 4th Period (12:57 AM EST),,92 - 101,9,0,0,,,,,,0,0,,,,,,0,0,,,,,,0
