GAME_ID,EVENTNUM,EVENTMSGTYPE,EVENTMSGACTIONTYPE,PERIOD,WCTIMESTRING,PCTIMESTRING,HOMEDESCRIPTION,NEUTRALDESCRIPTION,VISITORDESCRIPTION,SCORE,SCOREMARGIN,PERSON1TYPE,PLAYER1_ID,PLAYER1_NAME,PLAYER1_TEAM_ID,PLAYER1_TEAM_CITY,PLAYER1_TEAM_NICKNAME,PLAYER1_TEAM_ABBREVIATION,PERSON2TYPE,PLAYER2_ID,PLAYER2_NAME,PLAYER2_TEAM_ID,PLAYER2_TEAM_CITY,PLAYER2_TEAM_NICKNAME,PLAYER2_TEAM_ABBREVIATION,PERSON3TYPE,PLAYER3_ID,PLAYER3_NAME,PLAYER3_TEAM_ID,PLAYER3_TEAM_CITY,PLAYER3_TEAM_NICKNAME,PLAYER3_TEAM_ABBREVIATION,VIDEO_AVAILABLE_FLAG
0021300824,1,12,0,1,10:47 PM,12:00,,Start of 1st Period (10:47 PM EST),,,,0,0,,,,,,0,0,,,,,,0,0,,,,,,0
0021300824,2,10,0,1,10:47 PM,12:00,Jump Ball Gasol vs. Bass: Tip to W. Johnson,,,,,4,2200,Pau Gasol,1610612747.0,Los Angeles,Lakers,LAL,5,101138,Brandon Bass,1610612738.0,Boston,Celtics,BOS,4,202325,Wesley Johnson,1610612747.0,Los Angeles,Lakers,LAL,0
0021300824,3,6,2,1,10:47 PM,11:43,,,Sullinger S.FOUL (P1.T1),,,5,203096,Jared Sullinger,1610612738.0,Boston,Celtics,BOS,4,2200,Pau Gasol,1610612747.0,Los Angeles,Lakers,LAL,1,0,,,,,,0
0021300824,4,3,11,1,10:47 PM,11:43,MISS Gasol Free Throw 1 of 2,,,,,4,2200,Pau Gasol,1610612747.0,Los Angeles,Lakers,LAL,0,0,,,,,,0,0,,,,,,0
0021300824,5,4,1,1,10:47 PM,11:43,LAKERS Rebound,,,,,2,1610612747,,,,,,0,0,,,,,,0,0,,,,,,0
0021300824,6,3,12,1,10:47 PM,11:43,Gasol Free Throw 2 of 2 (1 PTS),,,0 - 1,1,4,2200,Pau Gasol,1610612747.0,Los Angeles,Lakers,LAL,0,0,,,,,,0,0,,,,,,0
0021300824,8,5,40,1,10:48 PM,11:22,,,Green Out of Bounds Lost Ball Turnover (P1.T1),,,5,201145,Jeff Green,1610612738.0,Boston,Celtics,BOS,0,0,,,,,,0,0,,,,,,0
0021300824,9,1,1,1,10:48 PM,11:14,Marshall 25' 3PT Jump Shot (3 PTS) (Gasol 1 AST),,,0 - 4,4,4,203088,Kendall Marshall,1610612747.0,Los Angeles,Lakers,LAL,4,2200,Pau Gasol,1610612747.0,Los Angeles,Lakers,LAL,0,0,,,,,,0
0021300824,10,1,52,1,10:48 PM,11:04,,,Green 2' Alley Oop Dunk (2 PTS) (Rondo 1 AST),2 - 4,2,5,201145,Jeff Green,1610612738.0,Boston,Celtics,BOS,5,200765,Rajon Rondo,1610612738.0,Boston,Celtics,BOS,0,0,,,,,,0
0021300824,11,2,1,1,10:49 PM,10:56,MISS W. Johnson 26' 3PT Jump Shot,,,,,4,202325,Wesley Johnson,1610612747.0,Los Angeles,Lakers,LAL,0,0,,,,,,0,0,,,,,,0
0021300824,12,4,0,1,10:49 PM,10:54,,,Rondo REBOUND (Off:0 Def:1),,,5,200765,Rajon Rondo,1610612738.0,Boston,Celtics,BOS,0,0,,,,,,0,0,,,,,,0
0021300824,13,1,5,1,10:49 PM,10:46,,,Green  Layup (4 PTS),4 - 4,TIE,5,201145,Jeff Green,1610612738.0,Boston,Celtics,BOS,0,0,,,,,,0,0,,,,,,0
0021300824,14,2,1,1,10:49 PM,10:29,MISS Gasol 8' Jump Shot,,,,,4,2200,Pau Gasol,1610612747.0,Los Angeles,Lakers,LAL,0,0,,,,,,0,0,,,,,,0
0021300824,15,4,0,1,10:49 PM,10:28,,,Rondo REBOUND (Off:0 Def:2),,,5,200765,Rajon Rondo,1610612738.0,Boston,Celtics,BOS,0,0,,,,,,0,0,,,,,,0
0021300824,16,2,1,1,10:49 PM,10:17,Gasol BLOCK (1 BLK),,MISS Wallace 5' Jump Shot,,,5,2222,Gerald Wallace,1610612738.0,Boston,Celtics,BOS,0,0,,,,,,4,2200,Pau Gasol,1610612747.0,Los Angeles,Lakers,LAL,0
0021300824,17,4,0,1,10:49 PM,10:15,Gasol REBOUND (Off:0 Def:1),,,,,4,2200,Pau Gasol,1610612747.0,Los Angeles,Lakers,LAL,0,0,,,,,,0,0,,,,,,0
0021300824,18,1,41,1,10:49 PM,10:13,Meeks 2' Running Layup (2 PTS) (Marshall 1 AST),,,4 - 6,2,4,201975,Jodie Meeks,1610612747.0,Los Angeles,Lakers,LAL,4,203088,Kendall Marshall,1610612747.0,Los Angeles,Lakers,LAL,0,0,,,,,,0
0021300824,19,1,1,1,10:50 PM,9:58,,,Green 27' 3PT Jump Shot (7 PTS) (Rondo 2 AST),7 - 6,-1,5,201145,Jeff Green,1610612738.0,Boston,Celtics,BOS,5,200765,Rajon Rondo,1610612738.0,Boston,Celtics,BOS,0,0,,,,,,0
0021300824,20,2,1,1,10:50 PM,9:47,MISS Meeks 27' 3PT Jump Shot,,,,,4,201975,Jodie Meeks,1610612747.0,Los Angeles,Lakers,LAL,0,0,,,,,,0,0,,,,,,0
0021300824,21,4,0,1,10:50 PM,9:46,,,Rondo REBOUND (Off:0 Def:3),,,5,200765,Rajon Rondo,1610612738.0,Boston,Celtics,BOS,0,0,,,,,,0,0,,,,,,0
0021300824,22,2,5,1,10:50 PM,9:38,,,MISS Bass 1' Layup,,,5,101138,Brandon Bass,1610612738.0,Boston,Celtics,BOS,0,0,,,,,,0,0,,,,,,0
0021300824,23,4,0,1,10:50 PM,9:37,,,Celtics Rebound,,,3,1610612738,,,,,,0,0,,,,,,0,0,,,,,,0
0021300824,24,6,1,1,10:50 PM,9:26,W. Johnson P.FOUL (P1.T1),,,,,4,202325,Wesley Johnson,1610612747.0,Los Angeles,Lakers,LAL,5,2222,Gerald Wallace,1610612738.0,Boston,Celtics,BOS,1,0,,,,,,0
0021300824,25,2,1,1,10:51 PM,9:20,,,MISS Rondo 19' Jump Shot,,,5,200765,Rajon Rondo,1610612738.0,Boston,Celtics,BOS,0,0,,,,,,0,0,,,,,,0
0021300824,26,4,0,1,10:51 PM,9:19,W. Johnson REBOUND (Off:0 Def:1),,,,,4,202325,Wesley Johnson,1610612747.0,Los Angeles,Lakers,LAL,0,0,,,,,,0,0,,,,,,0
0021300824,27,1,73,1,10:51 PM,9:12,Meeks 1' Driving Reverse Layup (4 PTS) (Marshall 2 AST),,,7 - 8,1,4,201975,Jodie Meeks,1610612747.0,Los Angeles,Lakers,LAL,4,203088,Kendall Marshall,1610612747.0,Los Angeles,Lakers,LAL,0,0,,,,,,0
0021300824,28,2,1,1,10:51 PM,8:58,,,MISS Sullinger 26' 3PT Jump Shot,,,5,203096,Jared Sullinger,1610612738.0,Boston,Celtics,BOS,0,0,,,,,,0,0,,,,,,0
0021300824,29,4,0,1,10:51 PM,8:57,Kelly REBOUND (Off:0 Def:1),,,,,4,203527,Ryan Kelly,1610612747.0,Los Angeles,Lakers,LAL,0,0,,,,,,0,0,,,,,,0
0021300824,30,1,65,1,10:51 PM,8:45,Gasol 8' Jump Hook Shot (3 PTS),,,7 - 10,3,4,2200,Pau Gasol,1610612747.0,Los Angeles,Lakers,LAL,0,0,,,,,,0,0,,,,,,0
0021300824,31,2,1,1,10:52 PM,8:29,,,MISS Green 20' Jump Shot,,,5,201145,Jeff Green,1610612738.0,Boston,Celtics,BOS,0,0,,,,,,0,0,,,,,,0
0021300824,32,4,0,1,10:52 PM,8:28,,,Sullinger REBOUND (Off:1 Def:0),,,5,203096,Jared Sullinger,1610612738.0,Boston,Celtics,BOS,0,0,,,,,,0,0,,,,,,0
0021300824,33,6,2,1,10:52 PM,8:24,Kelly S.FOUL (P1.T2),,,,,4,203527,Ryan Kelly,1610612747.0,Los Angeles,Lakers,LAL,5,201145,Jeff Green,1610612738.0,Boston,Celtics,BOS,1,0,,,,,,0
0021300824,34,3,11,1,10:52 PM,8:24,,,Green Free Throw 1 of 2 (8 PTS),8 - 10,2,5,201145,Jeff Green,1610612738.0,Boston,Celtics,BOS,0,0,,,,,,0,0,,,,,,0
0021300824,36,3,12,1,10:52 PM,8:24,,,Green Free Throw 2 of 2 (9 PTS),9 - 10,1,5,201145,Jeff Green,1610612738.0,Boston,Celtics,BOS,0,0,,,,,,0,0,,,,,,0
0021300824,39,5,1,1,10:53 PM,8:15,Marshall Bad Pass Turnover (P1.T1),,Wallace STEAL (1 STL),,,4,203088,Kendall Marshall,1610612747.0,Los Angeles,Lakers,LAL,5,2222,Gerald Wallace,1610612738.0,Boston,Celtics,BOS,0,0,,,,,,0
0021300824,40,1,42,1,10:53 PM,8:08,,,Green 3' Driving Layup (11 PTS),11 - 10,-1,5,201145,Jeff Green,1610612738.0,Boston,Celtics,BOS,0,0,,,,,,0,0,,,,,,0
0021300824,42,6,2,1,10:53 PM,8:03,,,Green S.FOUL (P1.T2),,,5,201145,Jeff Green,1610612738.0,Boston,Celtics,BOS,4,202325,Wesley Johnson,1610612747.0,Los Angeles,Lakers,LAL,1,0,,,,,,0
0021300824,43,3,11,1,10:53 PM,8:03,MISS W. Johnson Free Throw 1 of 2,,,,,4,202325,Wesley Johnson,1610612747.0,Los Angeles,Lakers,LAL,0,0,,,,,,0,0,,,,,,0
0021300824,44,4,1,1,10:53 PM,8:03,LAKERS Rebound,,,,,2,1610612747,,,,,,0,0,,,,,,0,0,,,,,,0
0021300824,45,3,12,1,10:53 PM,8:03,W. Johnson Free Throw 2 of 2 (1 PTS),,,11 - 11,TIE,4,202325,Wesley Johnson,1610612747.0,Los Angeles,Lakers,LAL,0,0,,,,,,0,0,,,,,,0
0021300824,47,2,1,1,10:54 PM,7:41,,,MISS Bass 16' Jump Shot,,,5,101138,Brandon Bass,1610612738.0,Boston,Celtics,BOS,0,0,,,,,,0,0,,,,,,0
0021300824,48,4,0,1,10:54 PM,7:40,,,Sullinger REBOUND (Off:2 Def:0),,,5,203096,Jared Sullinger,1610612738.0,Boston,Celtics,BOS,0,0,,,,,,0,0,,,,,,0
0021300824,49,1,1,1,10:54 PM,7:38,,,Sullinger 4' Jump Shot (2 PTS),13 - 11,-2,5,203096,Jared Sullinger,1610612738.0,Boston,Celtics,BOS,0,0,,,,,,0,0,,,,,,0
0021300824,50,1,1,1,10:54 PM,7:25,Gasol 6' Jump Shot (5 PTS) (Meeks 1 AST),,,13 - 13,TIE,4,2200,Pau Gasol,1610612747.0,Los Angeles,Lakers,LAL,4,201975,Jodie Meeks,1610612747.0,Los Angeles,Lakers,LAL,0,0,,,,,,0
0021300824,52,2,5,1,10:55 PM,6:56,,,MISS Rondo 1' Layup,,,5,200765,Rajon Rondo,1610612738.0,Boston,Celtics,BOS,0,0,,,,,,0,0,,,,,,0
0021300824,53,4,0,1,10:55 PM,6:55,Kelly REBOUND (Off:0 Def:2),,,,,4,203527,Ryan Kelly,1610612747.0,Los Angeles,Lakers,LAL,0,0,,,,,,0,0,,,,,,0
0021300824,54,2,42,1,10:55 PM,6:50,MISS Meeks 1' Driving Layup,,,,,4,201975,Jodie Meeks,1610612747.0,Los Angeles,Lakers,LAL,0,0,,,,,,0,0,,,,,,0
0021300824,55,4,0,1,10:55 PM,6:47,,,Wallace REBOUND (Off:0 Def:1),,,5,2222,Gerald Wallace,1610612738.0,Boston,Celtics,BOS,0,0,,,,,,0,0,,,,,,0
0021300824,56,1,42,1,10:55 PM,6:43,,,Rondo 1' Driving Layup (2 PTS) (Wallace 1 AST),15 - 13,-2,5,200765,Rajon Rondo,1610612738.0,Boston,Celtics,BOS,5,2222,Gerald Wallace,1610612738.0,Boston,Celtics,BOS,0,0,,,,,,0
0021300824,57,2,1,1,10:55 PM,6:35,MISS Gasol 19' Jump Shot,,,,,4,2200,Pau Gasol,1610612747.0,Los Angeles,Lakers,LAL,0,0,,,,,,0,0,,,,,,0
0021300824,58,4,0,1,10:55 PM,6:35,,,Celtics Rebound,,,3,1610612738,,,,,,0,0,,,,,,0,0,,,,,,0
0021300824,59,2,1,1,10:55 PM,6:16,,,MISS Green 27' 3PT Jump Shot,,,5,201145,Jeff Green,1610612738.0,Boston,Celtics,BOS,0,0,,,,,,0,0,,,,,,0
0021300824,60,4,0,1,10:55 PM,6:15,Marshall REBOUND (Off:0 Def:1),,,,,4,203088,Kendall Marshall,1610612747.0,Los Angeles,Lakers,LAL,0,0,,,,,,0,0,,,,,,0
0021300824,61,2,1,1,10:56 PM,6:06,MISS W. Johnson 18' Jump Shot,,,,,4,202325,Wesley Johnson,1610612747.0,Los Angeles,Lakers,LAL,0,0,,,,,,0,0,,,,,,0
0021300824,62,4,0,1,10:56 PM,6:05,,,Wallace REBOUND (Off:0 Def:2),,,5,2222,Gerald Wallace,1610612738.0,Boston,Celtics,BOS,0,0,,,,,,0,0,,,,,,0
0021300824,63,1,1,1,10:56 PM,5:46,,,Sullinger 18' Jump Shot (4 PTS),17 - 13,-4,5,203096,Jared Sullinger,1610612738.0,Boston,Celtics,BOS,0,0,,,,,,0,0,,,,,,0
0021300824,64,2,3,1,10:56 PM,5:36,MISS Gasol 6' Hook Shot,,,,,4,2200,Pau Gasol,1610612747.0,Los Angeles,Lakers,LAL,0,0,,,,,,0,0,,,,,,0
0021300824,65,4,0,1,10:56 PM,5:34,Marshall REBOUND (Off:1 Def:1),,,,,4,203088,Kendall Marshall,1610612747.0,Los Angeles,Lakers,LAL,0,0,,,,,,0,0,,,,,,0
0021300824,66,1,42,1,10:56 PM,5:31,Marshall 2' Driving Layup (5 PTS),,,17 - 15,-2,4,203088,Kendall Marshall,1610612747.0,Los Angeles,Lakers,LAL,0,0,,,,,,0,0,,,,,,0
0021300824,67,1,5,1,10:56 PM,5:15,,,Wallace  Layup (2 PTS) (Rondo 3 AST),19 - 15,-4,5,2222,Gerald Wallace,1610612738.0,Boston,Celtics,BOS,5,200765,Rajon Rondo,1610612738.0,Boston,Celtics,BOS,0,0,,,,,,0
0021300824,68,9,1,1,10:57 PM,5:15,LAKERS Timeout: Regular (Full 1 Short 0),,,,,2,1610612747,,,,,,0,0,,,,,,0,0,,,,,,0
0021300824,70,8,0,1,10:59 PM,5:15,SUB: Hill FOR Kelly,,,,,4,203527,Ryan Kelly,1610612747.0,Los Angeles,Lakers,LAL,4,201941,Jordan Hill,1610612747.0,Los Angeles,Lakers,LAL,0,0,,,,,,0
0021300824,71,8,0,1,10:59 PM,5:15,,,SUB: Olynyk FOR Sullinger,,,5,203096,Jared Sullinger,1610612738.0,Boston,Celtics,BOS,5,203482,Kelly Olynyk,1610612738.0,Boston,Celtics,BOS,0,0,,,,,,0
0021300824,72,5,1,1,11:00 PM,5:02,Marshall Bad Pass Turnover (P2.T2),,Olynyk STEAL (1 STL),,,4,203088,Kendall Marshall,1610612747.0,Los Angeles,Lakers,LAL,5,203482,Kelly Olynyk,1610612738.0,Boston,Celtics,BOS,0,0,,,,,,0
0021300824,73,2,42,1,11:01 PM,4:56,,,MISS Rondo 1' Driving Layup,,,5,200765,Rajon Rondo,1610612738.0,Boston,Celtics,BOS,0,0,,,,,,0,0,,,,,,0
0021300824,74,4,0,1,11:01 PM,4:54,Hill REBOUND (Off:0 Def:1),,,,,4,201941,Jordan Hill,1610612747.0,Los Angeles,Lakers,LAL,0,0,,,,,,0,0,,,,,,0
0021300824,75,5,1,1,11:01 PM,4:52,Hill Bad Pass Turnover (P1.T3),,Olynyk STEAL (2 STL),,,4,201941,Jordan Hill,1610612747.0,Los Angeles,Lakers,LAL,5,203482,Kelly Olynyk,1610612738.0,Boston,Celtics,BOS,0,0,,,,,,0
0021300824,76,1,8,1,11:01 PM,4:44,,,Bass  Slam Dunk (2 PTS) (Olynyk 1 AST),21 - 15,-6,5,101138,Brandon Bass,1610612738.0,Boston,Celtics,BOS,5,203482,Kelly Olynyk,1610612738.0,Boston,Celtics,BOS,0,0,,,,,,0
0021300824,77,2,1,1,11:01 PM,4:30,MISS Meeks 19' Jump Shot,,,,,4,201975,Jodie Meeks,1610612747.0,Los Angeles,Lakers,LAL,0,0,,,,,,0,0,,,,,,0
0021300824,78,4,0,1,11:01 PM,4:29,,,Olynyk REBOUND (Off:0 Def:1),,,5,203482,Kelly Olynyk,1610612738.0,Boston,Celtics,BOS,0,0,,,,,,0,0,,,,,,0
0021300824,79,2,1,1,11:01 PM,4:18,,,MISS Bass 18' Jump Shot,,,5,101138,Brandon Bass,1610612738.0,Boston,Celtics,BOS,0,0,,,,,,0,0,,,,,,0
0021300824,80,4,0,1,11:01 PM,4:17,Gasol REBOUND (Off:0 Def:2),,,,,4,2200,Pau Gasol,1610612747.0,Los Angeles,Lakers,LAL,0,0,,,,,,0,0,,,,,,0
0021300824,81,5,1,1,11:02 PM,4:08,Marshall Bad Pass Turnover (P3.T4),,,,,4,203088,Kendall Marshall,1610612747.0,Los Angeles,Lakers,LAL,0,0,,,,,,0,0,,,,,,0
0021300824,82,6,3,1,11:02 PM,4:08,Gasol L.B.FOUL (P1.T3),,,,,4,2200,Pau Gasol,1610612747.0,Los Angeles,Lakers,LAL,5,101138,Brandon Bass,1610612738.0,Boston,Celtics,BOS,1,0,,,,,,0
0021300824,83,8,0,1,11:02 PM,4:08,SUB: Bazemore FOR W. Johnson,,,,,4,202325,Wesley Johnson,1610612747.0,Los Angeles,Lakers,LAL,4,203145,Kent Bazemore,1610612747.0,Los Angeles,Lakers,LAL,0,0,,,,,,0
0021300824,84,8,0,1,11:02 PM,4:08,SUB: Farmar FOR Gasol,,,,,4,2200,Pau Gasol,1610612747.0,Los Angeles,Lakers,LAL,4,200770,Jordan Farmar,1610612747.0,Los Angeles,Lakers,LAL,0,0,,,,,,0
0021300824,85,8,0,1,11:02 PM,4:08,SUB: Kaman FOR Meeks,,,,,4,201975,Jodie Meeks,1610612747.0,Los Angeles,Lakers,LAL,4,2549,Chris Kaman,1610612747.0,Los Angeles,Lakers,LAL,0,0,,,,,,0
0021300824,87,1,1,1,11:02 PM,3:42,,,Rondo 26' 3PT Jump Shot (5 PTS) (Bass 1 AST),24 - 15,-9,5,200765,Rajon Rondo,1610612738.0,Boston,Celtics,BOS,5,101138,Brandon Bass,1610612738.0,Boston,Celtics,BOS,0,0,,,,,,0
0021300824,88,2,1,1,11:03 PM,3:26,MISS Kaman 7' Jump Shot,,,,,4,2549,Chris Kaman,1610612747.0,Los Angeles,Lakers,LAL,0,0,,,,,,0,0,,,,,,0
0021300824,89,4,0,1,11:03 PM,3:25,Kaman REBOUND (Off:1 Def:0),,,,,4,2549,Chris Kaman,1610612747.0,Los Angeles,Lakers,LAL,0,0,,,,,,0,0,,,,,,0
0021300824,90,6,2,1,11:03 PM,3:15,,,Bass S.FOUL (P1.T3),,,5,101138,Brandon Bass,1610612738.0,Boston,Celtics,BOS,4,2549,Chris Kaman,1610612747.0,Los Angeles,Lakers,LAL,1,0,,,,,,0
0021300824,91,3,11,1,11:03 PM,3:15,Kaman Free Throw 1 of 2 (1 PTS),,,24 - 16,-8,4,2549,Chris Kaman,1610612747.0,Los Angeles,Lakers,LAL,0,0,,,,,,0,0,,,,,,0
0021300824,93,8,0,1,11:03 PM,3:15,,,SUB: Bayless FOR Rondo,,,5,200765,Rajon Rondo,1610612738.0,Boston,Celtics,BOS,5,201573,Jerryd Bayless,1610612738.0,Boston,Celtics,BOS,0,0,,,,,,0
0021300824,94,8,0,1,11:03 PM,3:15,,,SUB: Johnson FOR Wallace,,,5,2222,Gerald Wallace,1610612738.0,Boston,Celtics,BOS,5,203187,Chris Johnson,1610612738.0,Boston,Celtics,BOS,0,0,,,,,,0
0021300824,95,3,12,1,11:03 PM,3:15,Kaman Free Throw 2 of 2 (2 PTS),,,24 - 17,-7,4,2549,Chris Kaman,1610612747.0,Los Angeles,Lakers,LAL,0,0,,,,,,0,0,,,,,,0
0021300824,97,2,1,1,11:04 PM,3:01,,,MISS Green 21' Jump Shot,,,5,201145,Jeff Green,1610612738.0,Boston,Celtics,BOS,0,0,,,,,,0,0,,,,,,0
0021300824,98,4,0,1,11:04 PM,3:00,Kaman REBOUND (Off:1 Def:1),,,,,4,2549,Chris Kaman,1610612747.0,Los Angeles,Lakers,LAL,0,0,,,,,,0,0,,,,,,0
0021300824,99,2,1,1,11:04 PM,2:45,MISS Marshall 28' 3PT Jump Shot,,,,,4,203088,Kendall Marshall,1610612747.0,Los Angeles,Lakers,LAL,0,0,,,,,,0,0,,,,,,0
0021300824,100,4,0,1,11:04 PM,2:44,,,Johnson REBOUND (Off:0 Def:1),,,5,203187,Chris Johnson,1610612738.0,Boston,Celtics,BOS,0,0,,,,,,0,0,,,,,,0
0021300824,101,1,8,1,11:04 PM,2:37,,,Johnson 1' Slam Dunk (2 PTS) (Green 1 AST),26 - 17,-9,5,203187,Chris Johnson,1610612738.0,Boston,Celtics,BOS,5,201145,Jeff Green,1610612738.0,Boston,Celtics,BOS,0,0,,,,,,0
0021300824,102,5,39,1,11:04 PM,2:25,Farmar Step Out of Bounds Turnover (P1.T5),,,,,4,200770,Jordan Farmar,1610612747.0,Los Angeles,Lakers,LAL,0,0,,,,,,0,0,,,,,,0
0021300824,103,9,1,1,11:04 PM,2:25,,,Celtics Timeout: Regular (Reg.1 Short 0),,,3,1610612738,,,,,,0,0,,,,,,0,0,,,,,,0
0021300824,105,8,0,1,11:06 PM,2:25,SUB: Brooks FOR Marshall,,,,,4,203088,Kendall Marshall,1610612747.0,Los Angeles,Lakers,LAL,4,202705,MarShon Brooks,1610612747.0,Los Angeles,Lakers,LAL,0,0,,,,,,0
0021300824,107,6,1,1,11:08 PM,2:20,Farmar P.FOUL (P1.T4),,,,,4,200770,Jordan Farmar,1610612747.0,Los Angeles,Lakers,LAL,5,201573,Jerryd Bayless,1610612738.0,Boston,Celtics,BOS,1,0,,,,,,0
0021300824,108,2,1,1,11:08 PM,2:05,,,MISS Olynyk 26' 3PT Jump Shot,,,5,203482,Kelly Olynyk,1610612738.0,Boston,Celtics,BOS,0,0,,,,,,0,0,,,,,,0
0021300824,109,4,0,1,11:08 PM,2:04,LAKERS Rebound,,,,,2,1610612747,,,,,,0,0,,,,,,0,0,,,,,,0
0021300824,110,1,65,1,11:08 PM,1:39,Hill 9' Jump Hook Shot (2 PTS),,,26 - 19,-7,4,201941,Jordan Hill,1610612747.0,Los Angeles,Lakers,LAL,0,0,,,,,,0,0,,,,,,0
0021300824,111,1,5,1,11:09 PM,1:22,,,Olynyk 3' Layup (2 PTS),28 - 19,-9,5,203482,Kelly Olynyk,1610612738.0,Boston,Celtics,BOS,0,0,,,,,,0,0,,,,,,0
0021300824,112,2,1,1,11:09 PM,1:09,MISS Hill 10' Jump Shot,,,,,4,201941,Jordan Hill,1610612747.0,Los Angeles,Lakers,LAL,0,0,,,,,,0,0,,,,,,0
0021300824,113,4,0,1,11:09 PM,1:07,,,Green REBOUND (Off:0 Def:1),,,5,201145,Jeff Green,1610612738.0,Boston,Celtics,BOS,0,0,,,,,,0,0,,,,,,0
0021300824,114,6,4,1,11:09 PM,1:03,,,Green OFF.Foul (P2),,,5,201145,Jeff Green,1610612738.0,Boston,Celtics,BOS,4,203145,Kent Bazemore,1610612747.0,Los Angeles,Lakers,LAL,1,0,,,,,,0
0021300824,115,5,5,1,11:09 PM,1:03,,,Green Foul Turnover (P2.T2),,,5,201145,Jeff Green,1610612738.0,Boston,Celtics,BOS,0,0,,,,,,1,0,,,,,,0
0021300824,116,8,0,1,11:09 PM,1:03,,,SUB: Humphries FOR Bass,,,5,101138,Brandon Bass,1610612738.0,Boston,Celtics,BOS,5,2743,Kris Humphries,1610612738.0,Boston,Celtics,BOS,0,0,,,,,,0
0021300824,117,8,0,1,11:10 PM,1:03,,,SUB: Pressey FOR Green,,,5,201145,Jeff Green,1610612738.0,Boston,Celtics,BOS,5,203515,Phil Pressey,1610612738.0,Boston,Celtics,BOS,0,0,,,,,,0
0021300824,118,7,1,1,11:10 PM,1:03,,,Celtics Violation: Delay of game Violation,,,3,1610612738,,,,,,0,0,,,,,,1,0,,,,,,0
0021300824,119,2,5,1,11:10 PM,0:52,MISS Kaman 2' Layup,,,,,4,2549,Chris Kaman,1610612747.0,Los Angeles,Lakers,LAL,0,0,,,,,,0,0,,,,,,0
0021300824,120,4,0,1,11:10 PM,0:50,,,Olynyk REBOUND (Off:0 Def:2),,,5,203482,Kelly Olynyk,1610612738.0,Boston,Celtics,BOS,0,0,,,,,,0,0,,,,,,0
0021300824,121,2,1,1,11:10 PM,0:31,,,MISS Olynyk 18' Jump Shot,,,5,203482,Kelly Olynyk,1610612738.0,Boston,Celtics,BOS,0,0,,,,,,0,0,,,,,,0
0021300824,122,4,0,1,11:10 PM,0:29,Bazemore REBOUND (Off:0 Def:1),,,,,4,203145,Kent Bazemore,1610612747.0,Los Angeles,Lakers,LAL,0,0,,,,,,0,0,,,,,,0
0021300824,123,2,1,1,11:11 PM,0:11,MISS Bazemore 6' Jump Shot,,,,,4,203145,Kent Bazemore,1610612747.0,Los Angeles,Lakers,LAL,0,0,,,,,,0,0,,,,,,0
0021300824,125,4,0,1,11:11 PM,0:09,,,Celtics Rebound,,,3,1610612738,,,,,,0,0,,,,,,0,0,,,,,,0
0021300824,124,10,0,1,11:11 PM,0:09,Jump Ball Brooks vs. Humphries: Tip to Olynyk,,,,,4,202705,MarShon Brooks,1610612747.0,Los Angeles,Lakers,LAL,5,2743,Kris Humphries,1610612738.0,Boston,Celtics,BOS,5,203482,Kelly Olynyk,1610612738.0,Boston,Celtics,BOS,0
0021300824,126,13,0,1,11:11 PM,0:00,,End of 1st Period (11:11 PM EST),,28 - 19,-9,0,0,,,,,,0,0,,,,,,0,0,,,,,,0
0021300824,128,12,0,2,11:15 PM,12:00,,Start of 2nd Period (11:15 PM EST),,28 - 19,-9,0,0,,,,,,0,0,,,,,,0,0,,,,,,0
0021300824,129,1,47,2,11:16 PM,11:40,,,Humphries 15' Turnaround Jump Shot (2 PTS) (Bayless 1 AST),30 - 19,-11,5,2743,Kris Humphries,1610612738.0,Boston,Celtics,BOS,5,201573,Jerryd Bayless,1610612738.0,Boston,Celtics,BOS,0,0,,,,,,0
0021300824,130,1,42,2,11:16 PM,11:26,Bazemore 2' Driving Layup (2 PTS),,,30 - 21,-9,4,203145,Kent Bazemore,1610612747.0,Los Angeles,Lakers,LAL,0,0,,,,,,0,0,,,,,,0
0021300824,131,2,1,2,11:16 PM,11:16,,,MISS Humphries 12' Jump Shot,,,5,2743,Kris Humphries,1610612738.0,Boston,Celtics,BOS,0,0,,,,,,0,0,,,,,,0
0021300824,132,4,0,2,11:16 PM,11:15,Farmar REBOUND (Off:0 Def:1),,,,,4,200770,Jordan Farmar,1610612747.0,Los Angeles,Lakers,LAL,0,0,,,,,,0,0,,,,,,0
0021300824,133,6,2,2,11:16 PM,11:12,,,Pressey S.FOUL (P1.T1),,,5,203515,Phil Pressey,1610612738.0,Boston,Celtics,BOS,4,203145,Kent Bazemore,1610612747.0,Los Angeles,Lakers,LAL,1,0,,,,,,0
0021300824,134,3,11,2,11:17 PM,11:12,Bazemore Free Throw 1 of 2 (3 PTS),,,30 - 22,-8,4,203145,Kent Bazemore,1610612747.0,Los Angeles,Lakers,LAL,0,0,,,,,,0,0,,,,,,0
0021300824,136,3,12,2,11:17 PM,11:12,MISS Bazemore Free Throw 2 of 2,,,,,4,203145,Kent Bazemore,1610612747.0,Los Angeles,Lakers,LAL,0,0,,,,,,0,0,,,,,,0
0021300824,138,4,0,2,11:17 PM,11:10,Hill REBOUND (Off:1 Def:1),,,,,4,201941,Jordan Hill,1610612747.0,Los Angeles,Lakers,LAL,0,0,,,,,,0,0,,,,,,0
0021300824,139,1,1,2,11:17 PM,11:09,Hill 7' Jump Shot (4 PTS),,,30 - 24,-6,4,201941,Jordan Hill,1610612747.0,Los Angeles,Lakers,LAL,0,0,,,,,,0,0,,,,,,0
0021300824,140,2,1,2,11:17 PM,10:52,,,MISS Pressey 26' 3PT Jump Shot,,,5,203515,Phil Pressey,1610612738.0,Boston,Celtics,BOS,0,0,,,,,,0,0,,,,,,0
0021300824,141,4,0,2,11:17 PM,10:51,Kaman REBOUND (Off:1 Def:2),,,,,4,2549,Chris Kaman,1610612747.0,Los Angeles,Lakers,LAL,0,0,,,,,,0,0,,,,,,0
0021300824,142,6,1,2,11:17 PM,10:36,,,Olynyk P.FOUL (P1.T2),,,5,203482,Kelly Olynyk,1610612738.0,Boston,Celtics,BOS,4,201941,Jordan Hill,1610612747.0,Los Angeles,Lakers,LAL,1,0,,,,,,0
0021300824,143,1,1,2,11:18 PM,10:28,Kaman 16' Jump Shot (4 PTS) (Farmar 1 AST),,,30 - 26,-4,4,2549,Chris Kaman,1610612747.0,Los Angeles,Lakers,LAL,4,200770,Jordan Farmar,1610612747.0,Los Angeles,Lakers,LAL,0,0,,,,,,0
0021300824,144,2,1,2,11:18 PM,10:11,,,MISS Bayless 17' Jump Shot,,,5,201573,Jerryd Bayless,1610612738.0,Boston,Celtics,BOS,0,0,,,,,,0,0,,,,,,0
0021300824,145,4,0,2,11:18 PM,10:10,Hill REBOUND (Off:1 Def:2),,,,,4,201941,Jordan Hill,1610612747.0,Los Angeles,Lakers,LAL,0,0,,,,,,0,0,,,,,,0
0021300824,146,2,1,2,11:18 PM,10:01,MISS Farmar 22' Jump Shot,,,,,4,200770,Jordan Farmar,1610612747.0,Los Angeles,Lakers,LAL,0,0,,,,,,0,0,,,,,,0
0021300824,147,4,0,2,11:18 PM,9:59,LAKERS Rebound,,,,,2,1610612747,,,,,,0,0,,,,,,0,0,,,,,,0
0021300824,148,8,0,2,11:18 PM,9:59,,,SUB: Wallace FOR Bayless,,,5,201573,Jerryd Bayless,1610612738.0,Boston,Celtics,BOS,5,2222,Gerald Wallace,1610612738.0,Boston,Celtics,BOS,0,0,,,,,,0
0021300824,149,8,0,2,11:19 PM,9:59,,,SUB: Sullinger FOR Olynyk,,,5,203482,Kelly Olynyk,1610612738.0,Boston,Celtics,BOS,5,203096,Jared Sullinger,1610612738.0,Boston,Celtics,BOS,0,0,,,,,,0
0021300824,150,1,5,2,11:19 PM,9:48,Kaman 1' Layup (6 PTS),,,30 - 28,-2,4,2549,Chris Kaman,1610612747.0,Los Angeles,Lakers,LAL,0,0,,,,,,0,0,,,,,,0
0021300824,151,6,4,2,11:20 PM,9:23,,,Humphries OFF.Foul (P1),,,5,2743,Kris Humphries,1610612738.0,Boston,Celtics,BOS,4,202705,MarShon Brooks,1610612747.0,Los Angeles,Lakers,LAL,1,0,,,,,,0
0021300824,152,5,5,2,11:20 PM,9:23,,,Humphries Foul Turnover (P1.T3),,,5,2743,Kris Humphries,1610612738.0,Boston,Celtics,BOS,0,0,,,,,,1,0,,,,,,0
0021300824,153,6,4,2,11:20 PM,9:17,Kaman OFF.Foul (P1),,,,,4,2549,Chris Kaman,1610612747.0,Los Angeles,Lakers,LAL,5,2222,Gerald Wallace,1610612738.0,Boston,Celtics,BOS,1,0,,,,,,0
0021300824,154,5,5,2,11:20 PM,9:17,Kaman Foul Turnover (P1.T6),,,,,4,2549,Chris Kaman,1610612747.0,Los Angeles,Lakers,LAL,0,0,,,,,,1,0,,,,,,0
0021300824,155,1,1,2,11:20 PM,9:04,,,Sullinger 19' Jump Shot (6 PTS) (Johnson 1 AST),32 - 28,-4,5,203096,Jared Sullinger,1610612738.0,Boston,Celtics,BOS,5,203187,Chris Johnson,1610612738.0,Boston,Celtics,BOS,0,0,,,,,,0
0021300824,156,2,1,2,11:21 PM,8:51,MISS Bazemore 26' 3PT Jump Shot,,,,,4,203145,Kent Bazemore,1610612747.0,Los Angeles,Lakers,LAL,0,0,,,,,,0,0,,,,,,0
0021300824,157,4,0,2,11:21 PM,8:50,,,Pressey REBOUND (Off:0 Def:1),,,5,203515,Phil Pressey,1610612738.0,Boston,Celtics,BOS,0,0,,,,,,0,0,,,,,,0
0021300824,158,1,79,2,11:21 PM,8:43,,,Pressey 18' Pullup Jump Shot (2 PTS),34 - 28,-6,5,203515,Phil Pressey,1610612738.0,Boston,Celtics,BOS,0,0,,,,,,0,0,,,,,,0
0021300824,159,5,2,2,11:21 PM,8:24,Hill Lost Ball Turnover (P2.T7),,Pressey STEAL (1 STL),,,4,201941,Jordan Hill,1610612747.0,Los Angeles,Lakers,LAL,5,203515,Phil Pressey,1610612738.0,Boston,Celtics,BOS,0,0,,,,,,0
0021300824,160,6,2,2,11:21 PM,8:17,Hill S.FOUL (P1.T1),,,,,4,201941,Jordan Hill,1610612747.0,Los Angeles,Lakers,LAL,5,2743,Kris Humphries,1610612738.0,Boston,Celtics,BOS,1,0,,,,,,0
0021300824,161,9,4,2,11:21 PM,8:17,,Timeout: Official,,,,1,0,,,,,,0,0,,,,,,0,0,,,,,,0
0021300824,164,8,0,2,11:24 PM,8:17,SUB: W. Johnson FOR Hill,,,,,4,201941,Jordan Hill,1610612747.0,Los Angeles,Lakers,LAL,4,202325,Wesley Johnson,1610612747.0,Los Angeles,Lakers,LAL,0,0,,,,,,0
0021300824,165,3,11,2,11:25 PM,8:17,,,Humphries Free Throw 1 of 2 (3 PTS),35 - 28,-7,5,2743,Kris Humphries,1610612738.0,Boston,Celtics,BOS,0,0,,,,,,0,0,,,,,,0
0021300824,167,3,12,2,11:25 PM,8:17,,,Humphries Free Throw 2 of 2 (4 PTS),36 - 28,-8,5,2743,Kris Humphries,1610612738.0,Boston,Celtics,BOS,0,0,,,,,,0,0,,,,,,0
0021300824,169,5,1,2,11:26 PM,8:04,Bazemore Bad Pass Turnover (P1.T8),,Johnson STEAL (1 STL),,,4,203145,Kent Bazemore,1610612747.0,Los Angeles,Lakers,LAL,5,203187,Chris Johnson,1610612738.0,Boston,Celtics,BOS,0,0,,,,,,0
0021300824,170,2,1,2,11:26 PM,7:43,,,MISS Johnson 26' 3PT Jump Shot,,,5,203187,Chris Johnson,1610612738.0,Boston,Celtics,BOS,0,0,,,,,,0,0,,,,,,0
0021300824,171,4,0,2,11:26 PM,7:42,Brooks REBOUND (Off:0 Def:1),,,,,4,202705,MarShon Brooks,1610612747.0,Los Angeles,Lakers,LAL,0,0,,,,,,0,0,,,,,,0
0021300824,172,1,1,2,11:26 PM,7:35,Brooks 6' Jump Shot (2 PTS),,,36 - 30,-6,4,202705,MarShon Brooks,1610612747.0,Los Angeles,Lakers,LAL,0,0,,,,,,0,0,,,,,,0
0021300824,173,5,40,2,11:26 PM,7:29,,,Pressey Out of Bounds Lost Ball Turnover (P1.T4),,,5,203515,Phil Pressey,1610612738.0,Boston,Celtics,BOS,0,0,,,,,,0,0,,,,,,0
0021300824,174,1,42,2,11:27 PM,7:14,Bazemore 2' Driving Layup (5 PTS),,,36 - 32,-4,4,203145,Kent Bazemore,1610612747.0,Los Angeles,Lakers,LAL,0,0,,,,,,0,0,,,,,,0
0021300824,175,1,49,2,11:27 PM,6:55,,,Humphries 1' Driving Dunk (6 PTS),38 - 32,-6,5,2743,Kris Humphries,1610612738.0,Boston,Celtics,BOS,0,0,,,,,,0,0,,,,,,0
0021300824,176,5,4,2,11:27 PM,6:40,Brooks Traveling Turnover (P1.T9),,,,,4,202705,MarShon Brooks,1610612747.0,Los Angeles,Lakers,LAL,0,0,,,,,,1,0,,,,,,0
0021300824,177,8,0,2,11:27 PM,6:40,SUB: Marshall FOR Farmar,,,,,4,200770,Jordan Farmar,1610612747.0,Los Angeles,Lakers,LAL,4,203088,Kendall Marshall,1610612747.0,Los Angeles,Lakers,LAL,0,0,,,,,,0
0021300824,178,8,0,2,11:27 PM,6:40,SUB: Gasol FOR Kaman,,,,,4,2549,Chris Kaman,1610612747.0,Los Angeles,Lakers,LAL,4,2200,Pau Gasol,1610612747.0,Los Angeles,Lakers,LAL,0,0,,,,,,0
0021300824,179,8,0,2,11:27 PM,6:40,,,SUB: Rondo FOR Pressey,,,5,203515,Phil Pressey,1610612738.0,Boston,Celtics,BOS,5,200765,Rajon Rondo,1610612738.0,Boston,Celtics,BOS,0,0,,,,,,0
0021300824,180,1,1,2,11:28 PM,6:20,,,Johnson 5' Jump Shot (4 PTS) (Wallace 2 AST),40 - 32,-8,5,203187,Chris Johnson,1610612738.0,Boston,Celtics,BOS,5,2222,Gerald Wallace,1610612738.0,Boston,Celtics,BOS,0,0,,,,,,0
0021300824,181,2,1,2,11:28 PM,6:00,MISS Bazemore 26' 3PT Jump Shot,,,,,4,203145,Kent Bazemore,1610612747.0,Los Angeles,Lakers,LAL,0,0,,,,,,0,0,,,,,,0
0021300824,182,4,0,2,11:28 PM,5:59,,,Celtics Rebound,,,3,1610612738,,,,,,0,0,,,,,,0,0,,,,,,0
0021300824,183,9,1,2,11:28 PM,5:59,LAKERS Timeout: Regular (Full 2 Short 0),,,,,2,1610612747,,,,,,0,0,,,,,,0,0,,,,,,0
0021300824,186,8,0,2,11:31 PM,5:59,SUB: Meeks FOR Brooks,,,,,4,202705,MarShon Brooks,1610612747.0,Los Angeles,Lakers,LAL,4,201975,Jodie Meeks,1610612747.0,Los Angeles,Lakers,LAL,0,0,,,,,,0
0021300824,187,2,1,2,11:32 PM,5:38,,,MISS Johnson 26' 3PT Jump Shot,,,5,203187,Chris Johnson,1610612738.0,Boston,Celtics,BOS,0,0,,,,,,0,0,,,,,,0
0021300824,188,4,0,2,11:32 PM,5:37,Gasol REBOUND (Off:0 Def:3),,,,,4,2200,Pau Gasol,1610612747.0,Los Angeles,Lakers,LAL,0,0,,,,,,0,0,,,,,,0
0021300824,189,5,1,2,11:32 PM,5:33,Gasol Bad Pass Turnover (P1.T10),,Wallace STEAL (2 STL),,,4,2200,Pau Gasol,1610612747.0,Los Angeles,Lakers,LAL,5,2222,Gerald Wallace,1610612738.0,Boston,Celtics,BOS,0,0,,,,,,0
0021300824,190,2,5,2,11:32 PM,5:28,,,MISS Johnson 1' Layup,,,5,203187,Chris Johnson,1610612738.0,Boston,Celtics,BOS,0,0,,,,,,0,0,,,,,,0
0021300824,191,4,0,2,11:32 PM,5:26,LAKERS Rebound,,,,,2,1610612747,,,,,,0,0,,,,,,0,0,,,,,,0
0021300824,192,8,0,2,11:32 PM,5:23,,,SUB: Green FOR Johnson,,,5,203187,Chris Johnson,1610612738.0,Boston,Celtics,BOS,5,201145,Jeff Green,1610612738.0,Boston,Celtics,BOS,0,0,,,,,,0
0021300824,193,2,1,2,11:32 PM,5:09,MISS W. Johnson 27' 3PT Jump Shot,,,,,4,202325,Wesley Johnson,1610612747.0,Los Angeles,Lakers,LAL,0,0,,,,,,0,0,,,,,,0
0021300824,194,4,0,2,11:32 PM,5:08,,,Humphries REBOUND (Off:0 Def:1),,,5,2743,Kris Humphries,1610612738.0,Boston,Celtics,BOS,0,0,,,,,,0,0,,,,,,0
0021300824,195,2,1,2,11:33 PM,4:49,,,MISS Wallace 26' 3PT Jump Shot,,,5,2222,Gerald Wallace,1610612738.0,Boston,Celtics,BOS,0,0,,,,,,0,0,,,,,,0
0021300824,196,4,0,2,11:33 PM,4:48,Gasol REBOUND (Off:0 Def:4),,,,,4,2200,Pau Gasol,1610612747.0,Los Angeles,Lakers,LAL,0,0,,,,,,0,0,,,,,,0
0021300824,197,1,5,2,11:33 PM,4:38,Gasol 2' Layup (7 PTS) (Bazemore 1 AST),,,40 - 34,-6,4,2200,Pau Gasol,1610612747.0,Los Angeles,Lakers,LAL,4,203145,Kent Bazemore,1610612747.0,Los Angeles,Lakers,LAL,0,0,,,,,,0
0021300824,198,5,2,2,11:33 PM,4:22,W. Johnson STEAL (1 STL),,Green Lost Ball Turnover (P3.T5),,,5,201145,Jeff Green,1610612738.0,Boston,Celtics,BOS,4,202325,Wesley Johnson,1610612747.0,Los Angeles,Lakers,LAL,0,0,,,,,,0
0021300824,200,1,1,2,11:34 PM,4:10,Gasol 9' Jump Shot (9 PTS) (Marshall 3 AST),,,40 - 36,-4,4,2200,Pau Gasol,1610612747.0,Los Angeles,Lakers,LAL,4,203088,Kendall Marshall,1610612747.0,Los Angeles,Lakers,LAL,0,0,,,,,,0
0021300824,201,6,2,2,11:34 PM,4:00,W. Johnson S.FOUL (P2.T2),,,,,4,202325,Wesley Johnson,1610612747.0,Los Angeles,Lakers,LAL,5,2222,Gerald Wallace,1610612738.0,Boston,Celtics,BOS,1,0,,,,,,0
0021300824,202,3,11,2,11:34 PM,4:00,,,MISS Wallace Free Throw 1 of 2,,,5,2222,Gerald Wallace,1610612738.0,Boston,Celtics,BOS,0,0,,,,,,0,0,,,,,,0
0021300824,203,4,1,2,11:34 PM,4:00,,,Celtics Rebound,,,3,1610612738,,,,,,0,0,,,,,,0,0,,,,,,0
0021300824,204,8,0,2,11:35 PM,4:00,,,SUB: Olynyk FOR Sullinger,,,5,203096,Jared Sullinger,1610612738.0,Boston,Celtics,BOS,5,203482,Kelly Olynyk,1610612738.0,Boston,Celtics,BOS,0,0,,,,,,0
0021300824,205,8,0,2,11:35 PM,4:00,,,SUB: Bass FOR Humphries,,,5,2743,Kris Humphries,1610612738.0,Boston,Celtics,BOS,5,101138,Brandon Bass,1610612738.0,Boston,Celtics,BOS,0,0,,,,,,0
0021300824,206,3,12,2,11:35 PM,4:00,,,MISS Wallace Free Throw 2 of 2,,,5,2222,Gerald Wallace,1610612738.0,Boston,Celtics,BOS,0,0,,,,,,0,0,,,,,,0
0021300824,208,4,0,2,11:35 PM,3:58,,,Olynyk REBOUND (Off:1 Def:2),,,5,203482,Kelly Olynyk,1610612738.0,Boston,Celtics,BOS,0,0,,,,,,0,0,,,,,,0
0021300824,209,2,1,2,11:35 PM,3:47,,,MISS Bass 16' Jump Shot,,,5,101138,Brandon Bass,1610612738.0,Boston,Celtics,BOS,0,0,,,,,,0,0,,,,,,0
0021300824,210,4,0,2,11:35 PM,3:46,Bazemore REBOUND (Off:0 Def:2),,,,,4,203145,Kent Bazemore,1610612747.0,Los Angeles,Lakers,LAL,0,0,,,,,,0,0,,,,,,0
0021300824,211,2,1,2,11:35 PM,3:37,MISS Meeks 24' 3PT Jump Shot,,,,,4,201975,Jodie Meeks,1610612747.0,Los Angeles,Lakers,LAL,0,0,,,,,,0,0,,,,,,0
0021300824,212,4,0,2,11:35 PM,3:37,,,Celtics Rebound,,,3,1610612738,,,,,,0,0,,,,,,0,0,,,,,,0
0021300824,213,1,66,2,11:35 PM,3:29,,,Wallace 15' Jump Bank Shot (4 PTS) (Rondo 4 AST),42 - 36,-6,5,2222,Gerald Wallace,1610612738.0,Boston,Celtics,BOS,5,200765,Rajon Rondo,1610612738.0,Boston,Celtics,BOS,0,0,,,,,,0
0021300824,214,2,5,2,11:36 PM,3:17,MISS Marshall 2' Layup,,,,,4,203088,Kendall Marshall,1610612747.0,Los Angeles,Lakers,LAL,0,0,,,,,,0,0,,,,,,0
0021300824,215,4,0,2,11:36 PM,3:15,,,Bass REBOUND (Off:0 Def:1),,,5,101138,Brandon Bass,1610612738.0,Boston,Celtics,BOS,0,0,,,,,,0,0,,,,,,0
0021300824,216,1,5,2,11:36 PM,3:08,,,Wallace 2' Layup (6 PTS) (Green 2 AST),44 - 36,-8,5,2222,Gerald Wallace,1610612738.0,Boston,Celtics,BOS,5,201145,Jeff Green,1610612738.0,Boston,Celtics,BOS,0,0,,,,,,0
0021300824,217,9,2,2,11:36 PM,3:07,LAKERS Timeout: Short (Full 2 Short 1),,,,,2,1610612747,,,,,,0,0,,,,,,0,0,,,,,,0
0021300824,220,1,1,2,11:37 PM,2:54,Meeks 26' 3PT Jump Shot (7 PTS) (Marshall 4 AST),,,44 - 39,-5,4,201975,Jodie Meeks,1610612747.0,Los Angeles,Lakers,LAL,4,203088,Kendall Marshall,1610612747.0,Los Angeles,Lakers,LAL,0,0,,,,,,0
0021300824,221,6,1,2,11:38 PM,2:44,Meeks P.FOUL (P1.T3),,,,,4,201975,Jodie Meeks,1610612747.0,Los Angeles,Lakers,LAL,5,2222,Gerald Wallace,1610612738.0,Boston,Celtics,BOS,1,0,,,,,,0
0021300824,222,9,1,2,11:38 PM,2:44,,,Celtics Timeout: Regular (Reg.2 Short 0),,,3,1610612738,,,,,,0,0,,,,,,0,0,,,,,,0
0021300824,226,2,1,2,11:41 PM,2:32,,,MISS Wallace 25' 3PT Jump Shot,,,5,2222,Gerald Wallace,1610612738.0,Boston,Celtics,BOS,0,0,,,,,,0,0,,,,,,0
0021300824,227,4,0,2,11:41 PM,2:31,W. Johnson REBOUND (Off:0 Def:2),,,,,4,202325,Wesley Johnson,1610612747.0,Los Angeles,Lakers,LAL,0,0,,,,,,0,0,,,,,,0
0021300824,228,1,5,2,11:41 PM,2:27,Bazemore 1' Layup (7 PTS) (Marshall 5 AST),,,44 - 41,-3,4,203145,Kent Bazemore,1610612747.0,Los Angeles,Lakers,LAL,4,203088,Kendall Marshall,1610612747.0,Los Angeles,Lakers,LAL,0,0,,,,,,0
0021300824,229,2,5,2,11:41 PM,2:21,Gasol BLOCK (2 BLK),,MISS Wallace 1' Layup,,,5,2222,Gerald Wallace,1610612738.0,Boston,Celtics,BOS,0,0,,,,,,4,2200,Pau Gasol,1610612747.0,Los Angeles,Lakers,LAL,0
0021300824,230,4,0,2,11:41 PM,2:19,Gasol REBOUND (Off:0 Def:5),,,,,4,2200,Pau Gasol,1610612747.0,Los Angeles,Lakers,LAL,0,0,,,,,,0,0,,,,,,0
0021300824,231,2,1,2,11:41 PM,2:13,MISS Meeks  3PT Jump Shot,,,,,4,201975,Jodie Meeks,1610612747.0,Los Angeles,Lakers,LAL,0,0,,,,,,0,0,,,,,,0
0021300824,232,4,0,2,11:41 PM,2:12,,,Bass REBOUND (Off:0 Def:2),,,5,101138,Brandon Bass,1610612738.0,Boston,Celtics,BOS,0,0,,,,,,0,0,,,,,,0
0021300824,233,2,1,2,11:41 PM,2:02,,,MISS Green 24' 3PT Jump Shot,,,5,201145,Jeff Green,1610612738.0,Boston,Celtics,BOS,0,0,,,,,,0,0,,,,,,0
0021300824,234,4,0,2,11:41 PM,1:59,Meeks REBOUND (Off:0 Def:1),,,,,4,201975,Jodie Meeks,1610612747.0,Los Angeles,Lakers,LAL,0,0,,,,,,0,0,,,,,,0
0021300824,235,6,2,2,11:42 PM,1:53,,,Green S.FOUL (P3.T3),,,5,201145,Jeff Green,1610612738.0,Boston,Celtics,BOS,4,201975,Jodie Meeks,1610612747.0,Los Angeles,Lakers,LAL,1,0,,,,,,0
0021300824,236,3,11,2,11:42 PM,1:53,Meeks Free Throw 1 of 2 (8 PTS),,,44 - 42,-2,4,201975,Jodie Meeks,1610612747.0,Los Angeles,Lakers,LAL,0,0,,,,,,0,0,,,,,,0
0021300824,238,8,0,2,11:42 PM,1:53,,,SUB: Johnson FOR Green,,,5,201145,Jeff Green,1610612738.0,Boston,Celtics,BOS,5,203187,Chris Johnson,1610612738.0,Boston,Celtics,BOS,0,0,,,,,,0
0021300824,239,3,12,2,11:42 PM,1:53,Meeks Free Throw 2 of 2 (9 PTS),,,44 - 43,-1,4,201975,Jodie Meeks,1610612747.0,Los Angeles,Lakers,LAL,0,0,,,,,,0,0,,,,,,0
0021300824,241,6,1,2,11:43 PM,1:42,Marshall P.FOUL (P1.T4),,,,,4,203088,Kendall Marshall,1610612747.0,Los Angeles,Lakers,LAL,5,203187,Chris Johnson,1610612738.0,Boston,Celtics,BOS,1,0,,,,,,0
0021300824,242,1,1,2,11:43 PM,1:31,,,Bass 12' Jump Shot (4 PTS) (Rondo 5 AST),46 - 43,-3,5,101138,Brandon Bass,1610612738.0,Boston,Celtics,BOS,5,200765,Rajon Rondo,1610612738.0,Boston,Celtics,BOS,0,0,,,,,,0
0021300824,243,6,2,2,11:44 PM,1:07,,,Olynyk S.FOUL (P2.PN),,,5,203482,Kelly Olynyk,1610612738.0,Boston,Celtics,BOS,4,2200,Pau Gasol,1610612747.0,Los Angeles,Lakers,LAL,1,0,,,,,,0
0021300824,244,3,11,2,11:44 PM,1:07,Gasol Free Throw 1 of 2 (10 PTS),,,46 - 44,-2,4,2200,Pau Gasol,1610612747.0,Los Angeles,Lakers,LAL,0,0,,,,,,0,0,,,,,,0
0021300824,246,3,12,2,11:44 PM,1:07,MISS Gasol Free Throw 2 of 2,,,,,4,2200,Pau Gasol,1610612747.0,Los Angeles,Lakers,LAL,0,0,,,,,,0,0,,,,,,0
0021300824,248,4,0,2,11:44 PM,1:05,,,Rondo REBOUND (Off:0 Def:4),,,5,200765,Rajon Rondo,1610612738.0,Boston,Celtics,BOS,0,0,,,,,,0,0,,,,,,0
0021300824,250,2,5,2,11:45 PM,0:46,,,MISS Rondo 2' Layup,,,5,200765,Rajon Rondo,1610612738.0,Boston,Celtics,BOS,0,0,,,,,,0,0,,,,,,0
0021300824,251,4,0,2,11:45 PM,0:45,Marshall REBOUND (Off:1 Def:2),,,,,4,203088,Kendall Marshall,1610612747.0,Los Angeles,Lakers,LAL,0,0,,,,,,0,0,,,,,,0
0021300824,252,2,1,2,11:45 PM,0:31,MISS Bazemore 20' Jump Shot,,,,,4,203145,Kent Bazemore,1610612747.0,Los Angeles,Lakers,LAL,0,0,,,,,,0,0,,,,,,0
0021300824,253,4,0,2,11:45 PM,0:30,,,Wallace REBOUND (Off:0 Def:3),,,5,2222,Gerald Wallace,1610612738.0,Boston,Celtics,BOS,0,0,,,,,,0,0,,,,,,0
0021300824,254,5,1,2,11:45 PM,0:28,,,Wallace Bad Pass Turnover (P1.T6),,,5,2222,Gerald Wallace,1610612738.0,Boston,Celtics,BOS,0,0,,,,,,0,0,,,,,,0
0021300824,255,2,1,2,11:46 PM,0:05,MISS Marshall 19' Jump Shot,,,,,4,203088,Kendall Marshall,1610612747.0,Los Angeles,Lakers,LAL,0,0,,,,,,0,0,,,,,,0
0021300824,256,4,0,2,11:46 PM,0:04,,,Johnson REBOUND (Off:0 Def:2),,,5,203187,Chris Johnson,1610612738.0,Boston,Celtics,BOS,0,0,,,,,,0,0,,,,,,0
0021300824,257,5,2,2,11:46 PM,0:00,Bazemore STEAL (1 STL),,Rondo Lost Ball Turnover (P1.T7),,,5,200765,Rajon Rondo,1610612738.0,Boston,Celtics,BOS,4,203145,Kent Bazemore,1610612747.0,Los Angeles,Lakers,LAL,0,0,,,,,,0
0021300824,258,13,0,2,11:46 PM,0:00,,End of 2nd Period (11:46 PM EST),,46 - 44,-2,0,0,,,,,,0,0,,,,,,0,0,,,,,,0
0021300824,260,12,0,3,12:05 AM,12:00,,Start of 3rd Period (12:05 AM EST),,46 - 44,-2,0,0,,,,,,0,0,,,,,,0,0,,,,,,0
0021300824,261,7,5,3,12:05 AM,11:48,Kelly Violation:Kicked Ball,,,,,4,203527,Ryan Kelly,1610612747.0,Los Angeles,Lakers,LAL,0,0,,,,,,1,0,,,,,,0
0021300824,263,6,2,3,12:06 AM,11:38,Kelly S.FOUL (P2.T1),,,,,4,203527,Ryan Kelly,1610612747.0,Los Angeles,Lakers,LAL,5,101138,Brandon Bass,1610612738.0,Boston,Celtics,BOS,1,0,,,,,,0
0021300824,264,3,11,3,12:06 AM,11:38,,,Bass Free Throw 1 of 2 (5 PTS),47 - 44,-3,5,101138,Brandon Bass,1610612738.0,Boston,Celtics,BOS,0,0,,,,,,0,0,,,,,,0
0021300824,266,3,12,3,12:06 AM,11:38,,,Bass Free Throw 2 of 2 (6 PTS),48 - 44,-4,5,101138,Brandon Bass,1610612738.0,Boston,Celtics,BOS,0,0,,,,,,0,0,,,,,,0
0021300824,268,2,1,3,12:07 AM,11:25,MISS W. Johnson  3PT Jump Shot,,,,,4,202325,Wesley Johnson,1610612747.0,Los Angeles,Lakers,LAL,0,0,,,,,,0,0,,,,,,0
0021300824,269,4,0,3,12:07 AM,11:23,,,Sullinger REBOUND (Off:2 Def:1),,,5,203096,Jared Sullinger,1610612738.0,Boston,Celtics,BOS,0,0,,,,,,0,0,,,,,,0
0021300824,270,2,44,3,12:07 AM,11:13,,,MISS Rondo 3' Reverse Layup,,,5,200765,Rajon Rondo,1610612738.0,Boston,Celtics,BOS,0,0,,,,,,0,0,,,,,,0
0021300824,272,4,0,3,12:07 AM,11:11,,,Sullinger REBOUND (Off:3 Def:1),,,5,203096,Jared Sullinger,1610612738.0,Boston,Celtics,BOS,0,0,,,,,,0,0,,,,,,0
0021300824,271,1,4,3,12:07 AM,11:11,,,Sullinger 1' Tip Shot (8 PTS),50 - 44,-6,5,203096,Jared Sullinger,1610612738.0,Boston,Celtics,BOS,0,0,,,,,,0,0,,,,,,0
0021300824,273,1,1,3,12:07 AM,11:00,Meeks 21' Jump Shot (11 PTS) (Gasol 2 AST),,,50 - 46,-4,4,201975,Jodie Meeks,1610612747.0,Los Angeles,Lakers,LAL,4,2200,Pau Gasol,1610612747.0,Los Angeles,Lakers,LAL,0,0,,,,,,0
0021300824,275,5,2,3,12:07 AM,10:43,Marshall STEAL (1 STL),,Bass Lost Ball Turnover (P1.T8),,,5,101138,Brandon Bass,1610612738.0,Boston,Celtics,BOS,4,203088,Kendall Marshall,1610612747.0,Los Angeles,Lakers,LAL,0,0,,,,,,0
0021300824,276,1,42,3,12:08 AM,10:38,Meeks 2' Driving Layup (13 PTS) (Marshall 6 AST),,,50 - 48,-2,4,201975,Jodie Meeks,1610612747.0,Los Angeles,Lakers,LAL,4,203088,Kendall Marshall,1610612747.0,Los Angeles,Lakers,LAL,0,0,,,,,,0
0021300824,277,1,5,3,12:08 AM,10:30,,,Green 1' Layup (13 PTS) (Rondo 6 AST),52 - 48,-4,5,201145,Jeff Green,1610612738.0,Boston,Celtics,BOS,5,200765,Rajon Rondo,1610612738.0,Boston,Celtics,BOS,0,0,,,,,,0
0021300824,278,2,78,3,12:08 AM,10:23,MISS Meeks 10' Floating Jump Shot,,,,,4,201975,Jodie Meeks,1610612747.0,Los Angeles,Lakers,LAL,0,0,,,,,,0,0,,,,,,0
0021300824,279,4,0,3,12:08 AM,10:21,,,Rondo REBOUND (Off:0 Def:5),,,5,200765,Rajon Rondo,1610612738.0,Boston,Celtics,BOS,0,0,,,,,,0,0,,,,,,0
0021300824,280,5,1,3,12:08 AM,10:19,,,Rondo Bad Pass Turnover (P2.T9),,,5,200765,Rajon Rondo,1610612738.0,Boston,Celtics,BOS,0,0,,,,,,0,0,,,,,,0
0021300824,281,2,63,3,12:08 AM,10:04,MISS Gasol 12' Fadeaway Jumper,,,,,4,2200,Pau Gasol,1610612747.0,Los Angeles,Lakers,LAL,0,0,,,,,,0,0,,,,,,0
0021300824,282,4,0,3,12:08 AM,10:02,,,Bass REBOUND (Off:0 Def:3),,,5,101138,Brandon Bass,1610612738.0,Boston,Celtics,BOS,0,0,,,,,,0,0,,,,,,0
0021300824,283,2,1,3,12:09 AM,9:40,W. Johnson BLOCK (1 BLK),,MISS Rondo 26' 3PT Jump Shot,,,5,200765,Rajon Rondo,1610612738.0,Boston,Celtics,BOS,0,0,,,,,,4,202325,Wesley Johnson,1610612747.0,Los Angeles,Lakers,LAL,0
0021300824,284,4,0,3,12:09 AM,9:40,,,Bass REBOUND (Off:1 Def:3),,,5,101138,Brandon Bass,1610612738.0,Boston,Celtics,BOS,0,0,,,,,,0,0,,,,,,0
0021300824,285,5,11,3,12:09 AM,9:40,,,Celtics Turnover: Shot Clock (T#10),,,3,1610612738,,,,,,0,0,,,,,,1,0,,,,,,0
0021300824,286,2,1,3,12:09 AM,9:26,MISS Gasol 9' Jump Shot,,,,,4,2200,Pau Gasol,1610612747.0,Los Angeles,Lakers,LAL,0,0,,,,,,0,0,,,,,,0
0021300824,287,4,0,3,12:09 AM,9:26,,,Green REBOUND (Off:0 Def:2),,,5,201145,Jeff Green,1610612738.0,Boston,Celtics,BOS,0,0,,,,,,0,0,,,,,,0
0021300824,288,1,1,3,12:09 AM,9:17,,,Green 25' 3PT Jump Shot (16 PTS),55 - 48,-7,5,201145,Jeff Green,1610612738.0,Boston,Celtics,BOS,0,0,,,,,,0,0,,,,,,0
0021300824,289,2,1,3,12:09 AM,9:04,MISS Meeks 27' 3PT Jump Shot,,,,,4,201975,Jodie Meeks,1610612747.0,Los Angeles,Lakers,LAL,0,0,,,,,,0,0,,,,,,0
0021300824,290,4,0,3,12:10 AM,9:03,Gasol REBOUND (Off:1 Def:5),,,,,4,2200,Pau Gasol,1610612747.0,Los Angeles,Lakers,LAL,0,0,,,,,,0,0,,,,,,0
0021300824,291,1,1,3,12:10 AM,8:56,Meeks 25' 3PT Jump Shot (16 PTS) (Gasol 3 AST),,,55 - 51,-4,4,201975,Jodie Meeks,1610612747.0,Los Angeles,Lakers,LAL,4,2200,Pau Gasol,1610612747.0,Los Angeles,Lakers,LAL,0,0,,,,,,0
0021300824,292,2,1,3,12:10 AM,8:41,,,MISS Sullinger 26' 3PT Jump Shot,,,5,203096,Jared Sullinger,1610612738.0,Boston,Celtics,BOS,0,0,,,,,,0,0,,,,,,0
0021300824,293,4,0,3,12:10 AM,8:40,W. Johnson REBOUND (Off:0 Def:3),,,,,4,202325,Wesley Johnson,1610612747.0,Los Angeles,Lakers,LAL,0,0,,,,,,0,0,,,,,,0
0021300824,294,2,1,3,12:10 AM,8:31,MISS Marshall 13' Jump Shot,,,,,4,203088,Kendall Marshall,1610612747.0,Los Angeles,Lakers,LAL,0,0,,,,,,0,0,,,,,,0
0021300824,295,4,0,3,12:10 AM,8:30,,,Wallace REBOUND (Off:0 Def:4),,,5,2222,Gerald Wallace,1610612738.0,Boston,Celtics,BOS,0,0,,,,,,0,0,,,,,,0
0021300824,296,6,2,3,12:10 AM,8:26,Kelly S.FOUL (P3.T2),,,,,4,203527,Ryan Kelly,1610612747.0,Los Angeles,Lakers,LAL,5,200765,Rajon Rondo,1610612738.0,Boston,Celtics,BOS,1,0,,,,,,0
0021300824,297,3,11,3,12:10 AM,8:26,,,MISS Rondo Free Throw 1 of 2,,,5,200765,Rajon Rondo,1610612738.0,Boston,Celtics,BOS,0,0,,,,,,0,0,,,,,,0
0021300824,298,4,1,3,12:10 AM,8:26,,,Celtics Rebound,,,3,1610612738,,,,,,0,0,,,,,,0,0,,,,,,0
0021300824,299,3,12,3,12:10 AM,8:26,,,Rondo Free Throw 2 of 2 (6 PTS),56 - 51,-5,5,200765,Rajon Rondo,1610612738.0,Boston,Celtics,BOS,0,0,,,,,,0,0,,,,,,0
0021300824,302,1,49,3,12:11 AM,8:12,Gasol 4' Driving Dunk (12 PTS) (Marshall 7 AST),,,56 - 53,-3,4,2200,Pau Gasol,1610612747.0,Los Angeles,Lakers,LAL,4,203088,Kendall Marshall,1610612747.0,Los Angeles,Lakers,LAL,0,0,,,,,,0
0021300824,303,1,5,3,12:11 AM,8:05,,,Wallace 1' Layup (8 PTS) (Rondo 7 AST),58 - 53,-5,5,2222,Gerald Wallace,1610612738.0,Boston,Celtics,BOS,5,200765,Rajon Rondo,1610612738.0,Boston,Celtics,BOS,0,0,,,,,,0
0021300824,304,6,1,3,12:11 AM,7:54,,,Rondo P.FOUL (P1.T1),,,5,200765,Rajon Rondo,1610612738.0,Boston,Celtics,BOS,4,203088,Kendall Marshall,1610612747.0,Los Angeles,Lakers,LAL,1,0,,,,,,0
0021300824,305,1,56,3,12:12 AM,7:45,Gasol 5' Running Hook Shot (14 PTS) (Marshall 8 AST),,,58 - 55,-3,4,2200,Pau Gasol,1610612747.0,Los Angeles,Lakers,LAL,4,203088,Kendall Marshall,1610612747.0,Los Angeles,Lakers,LAL,0,0,,,,,,0
0021300824,306,2,1,3,12:12 AM,7:30,Kelly BLOCK (1 BLK),,MISS Rondo 18' Jump Shot,,,5,200765,Rajon Rondo,1610612738.0,Boston,Celtics,BOS,0,0,,,,,,4,203527,Ryan Kelly,1610612747.0,Los Angeles,Lakers,LAL,0
0021300824,307,4,0,3,12:12 AM,7:28,Kelly REBOUND (Off:0 Def:3),,,,,4,203527,Ryan Kelly,1610612747.0,Los Angeles,Lakers,LAL,0,0,,,,,,0,0,,,,,,0
0021300824,308,5,1,3,12:12 AM,7:27,Kelly Bad Pass Turnover (P1.T11),,Green STEAL (1 STL),,,4,203527,Ryan Kelly,1610612747.0,Los Angeles,Lakers,LAL,5,201145,Jeff Green,1610612738.0,Boston,Celtics,BOS,0,0,,,,,,0
0021300824,309,9,1,3,12:12 AM,7:23,,,Celtics Timeout: Regular (Reg.3 Short 0),,,3,1610612738,,,,,,0,0,,,,,,0,0,,,,,,0
0021300824,313,2,1,3,12:16 AM,7:12,,,MISS Green 21' Jump Shot,,,5,201145,Jeff Green,1610612738.0,Boston,Celtics,BOS,0,0,,,,,,0,0,,,,,,0
0021300824,314,4,0,3,12:16 AM,7:11,Gasol REBOUND (Off:1 Def:6),,,,,4,2200,Pau Gasol,1610612747.0,Los Angeles,Lakers,LAL,0,0,,,,,,0,0,,,,,,0
0021300824,315,2,1,3,12:16 AM,6:56,MISS Meeks 24' 3PT Jump Shot,,,,,4,201975,Jodie Meeks,1610612747.0,Los Angeles,Lakers,LAL,0,0,,,,,,0,0,,,,,,0
0021300824,316,4,0,3,12:16 AM,6:55,,,Sullinger REBOUND (Off:3 Def:2),,,5,203096,Jared Sullinger,1610612738.0,Boston,Celtics,BOS,0,0,,,,,,0,0,,,,,,0
0021300824,317,1,5,3,12:17 AM,6:37,,,Bass 1' Layup (8 PTS),60 - 55,-5,5,101138,Brandon Bass,1610612738.0,Boston,Celtics,BOS,0,0,,,,,,0,0,,,,,,0
0021300824,318,6,2,3,12:17 AM,6:27,,,Green S.FOUL (P4.T2),,,5,201145,Jeff Green,1610612738.0,Boston,Celtics,BOS,4,2200,Pau Gasol,1610612747.0,Los Angeles,Lakers,LAL,1,0,,,,,,0
0021300824,319,3,11,3,12:17 AM,6:27,Gasol Free Throw 1 of 2 (15 PTS),,,60 - 56,-4,4,2200,Pau Gasol,1610612747.0,Los Angeles,Lakers,LAL,0,0,,,,,,0,0,,,,,,0
0021300824,321,8,0,3,12:17 AM,6:27,,,SUB: Bayless FOR Green,,,5,201145,Jeff Green,1610612738.0,Boston,Celtics,BOS,5,201573,Jerryd Bayless,1610612738.0,Boston,Celtics,BOS,0,0,,,,,,0
0021300824,322,8,0,3,12:17 AM,6:27,SUB: Hill FOR Kelly,,,,,4,203527,Ryan Kelly,1610612747.0,Los Angeles,Lakers,LAL,4,201941,Jordan Hill,1610612747.0,Los Angeles,Lakers,LAL,0,0,,,,,,0
0021300824,324,3,12,3,12:17 AM,6:27,Gasol Free Throw 2 of 2 (16 PTS),,,60 - 57,-3,4,2200,Pau Gasol,1610612747.0,Los Angeles,Lakers,LAL,0,0,,,,,,0,0,,,,,,0
0021300824,327,2,1,3,12:18 AM,6:10,,,MISS Sullinger 19' Jump Shot,,,5,203096,Jared Sullinger,1610612738.0,Boston,Celtics,BOS,0,0,,,,,,0,0,,,,,,0
0021300824,328,4,0,3,12:18 AM,6:08,Hill REBOUND (Off:1 Def:3),,,,,4,201941,Jordan Hill,1610612747.0,Los Angeles,Lakers,LAL,0,0,,,,,,0,0,,,,,,0
0021300824,329,5,2,3,12:18 AM,6:05,Hill Lost Ball Turnover (P3.T12),,Rondo STEAL (1 STL),,,4,201941,Jordan Hill,1610612747.0,Los Angeles,Lakers,LAL,5,200765,Rajon Rondo,1610612738.0,Boston,Celtics,BOS,0,0,,,,,,0
0021300824,330,6,2,3,12:18 AM,6:01,Gasol S.FOUL (P2.T3),,,,,4,2200,Pau Gasol,1610612747.0,Los Angeles,Lakers,LAL,5,101138,Brandon Bass,1610612738.0,Boston,Celtics,BOS,1,0,,,,,,0
0021300824,331,3,11,3,12:18 AM,6:01,,,MISS Bass Free Throw 1 of 2,,,5,101138,Brandon Bass,1610612738.0,Boston,Celtics,BOS,0,0,,,,,,0,0,,,,,,0
0021300824,332,4,1,3,12:18 AM,6:01,,,Celtics Rebound,,,3,1610612738,,,,,,0,0,,,,,,0,0,,,,,,0
0021300824,333,3,12,3,12:18 AM,6:01,,,Bass Free Throw 2 of 2 (9 PTS),61 - 57,-4,5,101138,Brandon Bass,1610612738.0,Boston,Celtics,BOS,0,0,,,,,,0,0,,,,,,0
0021300824,335,2,3,3,12:19 AM,5:46,MISS Hill 6' Hook Shot,,,,,4,201941,Jordan Hill,1610612747.0,Los Angeles,Lakers,LAL,0,0,,,,,,0,0,,,,,,0
0021300824,336,4,0,3,12:19 AM,5:43,,,Bass REBOUND (Off:1 Def:4),,,5,101138,Brandon Bass,1610612738.0,Boston,Celtics,BOS,0,0,,,,,,0,0,,,,,,0
0021300824,337,2,1,3,12:19 AM,5:34,,,MISS Bayless 24' 3PT Jump Shot,,,5,201573,Jerryd Bayless,1610612738.0,Boston,Celtics,BOS,0,0,,,,,,0,0,,,,,,0
0021300824,338,4,0,3,12:19 AM,5:33,,,Bayless REBOUND (Off:1 Def:0),,,5,201573,Jerryd Bayless,1610612738.0,Boston,Celtics,BOS,0,0,,,,,,0,0,,,,,,0
0021300824,339,6,27,3,12:19 AM,5:25,W. Johnson Personal Block Foul (P3.T4),,,,,4,202325,Wesley Johnson,1610612747.0,Los Angeles,Lakers,LAL,5,101138,Brandon Bass,1610612738.0,Boston,Celtics,BOS,1,0,,,,,,0
0021300824,340,2,1,3,12:20 AM,5:11,,,MISS Sullinger 17' Jump Shot,,,5,203096,Jared Sullinger,1610612738.0,Boston,Celtics,BOS,0,0,,,,,,0,0,,,,,,0
0021300824,341,4,0,3,12:20 AM,5:11,,,Celtics Rebound,,,3,1610612738,,,,,,0,0,,,,,,0,0,,,,,,0
0021300824,342,6,3,3,12:20 AM,5:11,W. Johnson L.B.FOUL (P4.PN),,,,,4,202325,Wesley Johnson,1610612747.0,Los Angeles,Lakers,LAL,5,2222,Gerald Wallace,1610612738.0,Boston,Celtics,BOS,1,0,,,,,,0
0021300824,343,3,11,3,12:20 AM,5:11,,,Wallace Free Throw 1 of 2 (9 PTS),62 - 57,-5,5,2222,Gerald Wallace,1610612738.0,Boston,Celtics,BOS,0,0,,,,,,0,0,,,,,,0
0021300824,345,8,0,3,12:20 AM,5:11,SUB: Bazemore FOR W. Johnson,,,,,4,202325,Wesley Johnson,1610612747.0,Los Angeles,Lakers,LAL,4,203145,Kent Bazemore,1610612747.0,Los Angeles,Lakers,LAL,0,0,,,,,,0
0021300824,346,3,12,3,12:20 AM,5:11,,,Wallace Free Throw 2 of 2 (10 PTS),63 - 57,-6,5,2222,Gerald Wallace,1610612738.0,Boston,Celtics,BOS,0,0,,,,,,0,0,,,,,,0
0021300824,348,2,1,3,12:21 AM,4:57,MISS Meeks 24' 3PT Jump Shot,,,,,4,201975,Jodie Meeks,1610612747.0,Los Angeles,Lakers,LAL,0,0,,,,,,0,0,,,,,,0
0021300824,349,4,0,3,12:21 AM,4:56,,,Bass REBOUND (Off:1 Def:5),,,5,101138,Brandon Bass,1610612738.0,Boston,Celtics,BOS,0,0,,,,,,0,0,,,,,,0
0021300824,350,2,1,3,12:21 AM,4:46,,,MISS Bass 19' Jump Shot,,,5,101138,Brandon Bass,1610612738.0,Boston,Celtics,BOS,0,0,,,,,,0,0,,,,,,0
0021300824,351,4,0,3,12:21 AM,4:45,,,Sullinger REBOUND (Off:4 Def:2),,,5,203096,Jared Sullinger,1610612738.0,Boston,Celtics,BOS,0,0,,,,,,0,0,,,,,,0
0021300824,352,2,5,3,12:21 AM,4:42,,,MISS Sullinger 1' Layup,,,5,203096,Jared Sullinger,1610612738.0,Boston,Celtics,BOS,0,0,,,,,,0,0,,,,,,0
0021300824,353,4,0,3,12:21 AM,4:41,,,Sullinger REBOUND (Off:5 Def:2),,,5,203096,Jared Sullinger,1610612738.0,Boston,Celtics,BOS,0,0,,,,,,0,0,,,,,,0
0021300824,354,1,5,3,12:21 AM,4:40,,,Sullinger 2' Layup (10 PTS),65 - 57,-8,5,203096,Jared Sullinger,1610612738.0,Boston,Celtics,BOS,0,0,,,,,,0,0,,,,,,0
0021300824,355,2,5,3,12:21 AM,4:26,MISS Gasol 2' Layup,,,,,4,2200,Pau Gasol,1610612747.0,Los Angeles,Lakers,LAL,0,0,,,,,,0,0,,,,,,0
0021300824,356,4,0,3,12:21 AM,4:25,Hill REBOUND (Off:2 Def:3),,,,,4,201941,Jordan Hill,1610612747.0,Los Angeles,Lakers,LAL,0,0,,,,,,0,0,,,,,,0
0021300824,357,6,2,3,12:21 AM,4:25,,,Sullinger S.FOUL (P2.T3),,,5,203096,Jared Sullinger,1610612738.0,Boston,Celtics,BOS,4,201941,Jordan Hill,1610612747.0,Los Angeles,Lakers,LAL,1,0,,,,,,0
0021300824,358,3,11,3,12:22 AM,4:25,Hill Free Throw 1 of 2 (5 PTS),,,65 - 58,-7,4,201941,Jordan Hill,1610612747.0,Los Angeles,Lakers,LAL,0,0,,,,,,0,0,,,,,,0
0021300824,360,8,0,3,12:22 AM,4:25,SUB: Kaman FOR Gasol,,,,,4,2200,Pau Gasol,1610612747.0,Los Angeles,Lakers,LAL,4,2549,Chris Kaman,1610612747.0,Los Angeles,Lakers,LAL,0,0,,,,,,0
0021300824,361,8,0,3,12:22 AM,4:25,,,SUB: Olynyk FOR Sullinger,,,5,203096,Jared Sullinger,1610612738.0,Boston,Celtics,BOS,5,203482,Kelly Olynyk,1610612738.0,Boston,Celtics,BOS,0,0,,,,,,0
0021300824,362,3,12,3,12:22 AM,4:25,Hill Free Throw 2 of 2 (6 PTS),,,65 - 59,-6,4,201941,Jordan Hill,1610612747.0,Los Angeles,Lakers,LAL,0,0,,,,,,0,0,,,,,,0
0021300824,364,2,1,3,12:23 AM,4:05,,,MISS Bass 13' Jump Shot,,,5,101138,Brandon Bass,1610612738.0,Boston,Celtics,BOS,0,0,,,,,,0,0,,,,,,0
0021300824,365,4,0,3,12:23 AM,4:04,Kaman REBOUND (Off:1 Def:3),,,,,4,2549,Chris Kaman,1610612747.0,Los Angeles,Lakers,LAL,0,0,,,,,,0,0,,,,,,0
0021300824,366,5,2,3,12:23 AM,3:50,Bazemore Lost Ball Turnover (P2.T13),,Wallace STEAL (3 STL),,,4,203145,Kent Bazemore,1610612747.0,Los Angeles,Lakers,LAL,5,2222,Gerald Wallace,1610612738.0,Boston,Celtics,BOS,0,0,,,,,,0
0021300824,368,8,0,3,12:23 AM,3:45,SUB: Farmar FOR Meeks,,,,,4,201975,Jodie Meeks,1610612747.0,Los Angeles,Lakers,LAL,4,200770,Jordan Farmar,1610612747.0,Los Angeles,Lakers,LAL,0,0,,,,,,0
0021300824,369,1,5,3,12:23 AM,3:33,,,Bass 2' Layup (11 PTS),67 - 59,-8,5,101138,Brandon Bass,1610612738.0,Boston,Celtics,BOS,0,0,,,,,,0,0,,,,,,0
0021300824,370,6,2,3,12:23 AM,3:33,Hill S.FOUL (P2.PN),,,,,4,201941,Jordan Hill,1610612747.0,Los Angeles,Lakers,LAL,5,101138,Brandon Bass,1610612738.0,Boston,Celtics,BOS,1,0,,,,,,0
0021300824,371,3,10,3,12:24 AM,3:33,,,Bass Free Throw 1 of 1 (12 PTS),68 - 59,-9,5,101138,Brandon Bass,1610612738.0,Boston,Celtics,BOS,0,0,,,,,,0,0,,,,,,0
0021300824,374,2,80,3,12:24 AM,3:16,MISS Farmar 22' Step Back Jump Shot,,,,,4,200770,Jordan Farmar,1610612747.0,Los Angeles,Lakers,LAL,0,0,,,,,,0,0,,,,,,0
0021300824,375,4,0,3,12:24 AM,3:16,,,Celtics Rebound,,,3,1610612738,,,,,,0,0,,,,,,0,0,,,,,,0
0021300824,376,2,1,3,12:25 AM,3:03,,,MISS Olynyk 19' Jump Shot,,,5,203482,Kelly Olynyk,1610612738.0,Boston,Celtics,BOS,0,0,,,,,,0,0,,,,,,0
0021300824,377,4,0,3,12:25 AM,3:02,Marshall REBOUND (Off:1 Def:3),,,,,4,203088,Kendall Marshall,1610612747.0,Los Angeles,Lakers,LAL,0,0,,,,,,0,0,,,,,,0
0021300824,378,5,1,3,12:25 AM,2:53,Marshall Bad Pass Turnover (P4.T14),,Bass STEAL (1 STL),,,4,203088,Kendall Marshall,1610612747.0,Los Angeles,Lakers,LAL,5,101138,Brandon Bass,1610612738.0,Boston,Celtics,BOS,0,0,,,,,,0
0021300824,379,1,5,3,12:25 AM,2:48,,,Bayless 1' Layup (2 PTS) (Wallace 3 AST),70 - 59,-11,5,201573,Jerryd Bayless,1610612738.0,Boston,Celtics,BOS,5,2222,Gerald Wallace,1610612738.0,Boston,Celtics,BOS,0,0,,,,,,0
0021300824,380,9,1,3,12:25 AM,2:48,LAKERS Timeout: Regular (Full 3 Short 1),,,,,2,1610612747,,,,,,0,0,,,,,,0,0,,,,,,0
0021300824,382,8,0,3,12:28 AM,2:48,SUB: Brooks FOR Marshall,,,,,4,203088,Kendall Marshall,1610612747.0,Los Angeles,Lakers,LAL,4,202705,MarShon Brooks,1610612747.0,Los Angeles,Lakers,LAL,0,0,,,,,,0
0021300824,384,2,1,3,12:29 AM,2:32,MISS Brooks 22' Jump Shot,,,,,4,202705,MarShon Brooks,1610612747.0,Los Angeles,Lakers,LAL,0,0,,,,,,0,0,,,,,,0
0021300824,385,4,0,3,12:29 AM,2:31,,,Rondo REBOUND (Off:0 Def:6),,,5,200765,Rajon Rondo,1610612738.0,Boston,Celtics,BOS,0,0,,,,,,0,0,,,,,,0
0021300824,386,1,8,3,12:29 AM,2:17,,,Bass 3' Slam Dunk (14 PTS) (Olynyk 2 AST),72 - 59,-13,5,101138,Brandon Bass,1610612738.0,Boston,Celtics,BOS,5,203482,Kelly Olynyk,1610612738.0,Boston,Celtics,BOS,0,0,,,,,,0
0021300824,387,1,66,3,12:29 AM,1:49,Kaman 4' Jump Bank Shot (8 PTS),,,72 - 61,-11,4,2549,Chris Kaman,1610612747.0,Los Angeles,Lakers,LAL,0,0,,,,,,0,0,,,,,,0
0021300824,388,1,42,3,12:30 AM,1:31,,,Olynyk 2' Driving Layup (4 PTS),74 - 61,-13,5,203482,Kelly Olynyk,1610612738.0,Boston,Celtics,BOS,0,0,,,,,,0,0,,,,,,0
0021300824,389,5,1,3,12:30 AM,1:23,Farmar Bad Pass Turnover (P2.T15),,,,,4,200770,Jordan Farmar,1610612747.0,Los Angeles,Lakers,LAL,0,0,,,,,,0,0,,,,,,0
0021300824,390,2,42,3,12:30 AM,1:14,,,MISS Rondo 2' Driving Layup,,,5,200765,Rajon Rondo,1610612738.0,Boston,Celtics,BOS,0,0,,,,,,0,0,,,,,,0
0021300824,391,4,0,3,12:30 AM,1:12,,,Bass REBOUND (Off:2 Def:5),,,5,101138,Brandon Bass,1610612738.0,Boston,Celtics,BOS,0,0,,,,,,0,0,,,,,,0
0021300824,392,2,1,3,12:30 AM,1:04,,,MISS Bayless 26' 3PT Jump Shot,,,5,201573,Jerryd Bayless,1610612738.0,Boston,Celtics,BOS,0,0,,,,,,0,0,,,,,,0
0021300824,393,4,0,3,12:31 AM,1:03,,,Olynyk REBOUND (Off:2 Def:2),,,5,203482,Kelly Olynyk,1610612738.0,Boston,Celtics,BOS,0,0,,,,,,0,0,,,,,,0
0021300824,394,2,5,3,12:31 AM,0:55,,,MISS Wallace 3' Layup,,,5,2222,Gerald Wallace,1610612738.0,Boston,Celtics,BOS,0,0,,,,,,0,0,,,,,,0
0021300824,395,4,0,3,12:31 AM,0:54,Hill REBOUND (Off:2 Def:4),,,,,4,201941,Jordan Hill,1610612747.0,Los Angeles,Lakers,LAL,0,0,,,,,,0,0,,,,,,0
0021300824,396,2,5,3,12:31 AM,0:48,MISS Brooks 2' Layup,,,,,4,202705,MarShon Brooks,1610612747.0,Los Angeles,Lakers,LAL,0,0,,,,,,0,0,,,,,,0
0021300824,397,4,0,3,12:31 AM,0:47,,,Wallace REBOUND (Off:0 Def:5),,,5,2222,Gerald Wallace,1610612738.0,Boston,Celtics,BOS,0,0,,,,,,0,0,,,,,,0
0021300824,399,5,1,3,12:31 AM,0:46,,,Wallace Bad Pass Turnover (P2.T11),,,5,2222,Gerald Wallace,1610612738.0,Boston,Celtics,BOS,0,0,,,,,,0,0,,,,,,0
0021300824,400,6,3,3,12:31 AM,0:46,,,Rondo L.B.FOUL (P2.T4),,,5,200765,Rajon Rondo,1610612738.0,Boston,Celtics,BOS,4,200770,Jordan Farmar,1610612747.0,Los Angeles,Lakers,LAL,1,0,,,,,,0
0021300824,401,8,0,3,12:31 AM,0:46,,,SUB: Humphries FOR Bass,,,5,101138,Brandon Bass,1610612738.0,Boston,Celtics,BOS,5,2743,Kris Humphries,1610612738.0,Boston,Celtics,BOS,0,0,,,,,,0
0021300824,402,1,5,3,12:32 AM,0:39,Brooks 1' Layup (4 PTS),,,74 - 63,-11,4,202705,MarShon Brooks,1610612747.0,Los Angeles,Lakers,LAL,0,0,,,,,,0,0,,,,,,0
0021300824,403,6,2,3,12:32 AM,0:39,,,Olynyk S.FOUL (P3.PN),,,5,203482,Kelly Olynyk,1610612738.0,Boston,Celtics,BOS,4,202705,MarShon Brooks,1610612747.0,Los Angeles,Lakers,LAL,1,0,,,,,,0
0021300824,404,3,10,3,12:32 AM,0:39,MISS Brooks Free Throw 1 of 1,,,,,4,202705,MarShon Brooks,1610612747.0,Los Angeles,Lakers,LAL,0,0,,,,,,0,0,,,,,,0
0021300824,406,4,0,3,12:32 AM,0:38,,,Wallace REBOUND (Off:0 Def:6),,,5,2222,Gerald Wallace,1610612738.0,Boston,Celtics,BOS,0,0,,,,,,0,0,,,,,,0
0021300824,407,2,1,3,12:32 AM,0:29,,,MISS Bayless 7' Jump Shot,,,5,201573,Jerryd Bayless,1610612738.0,Boston,Celtics,BOS,0,0,,,,,,0,0,,,,,,0
0021300824,408,4,0,3,12:32 AM,0:27,Hill REBOUND (Off:2 Def:5),,,,,4,201941,Jordan Hill,1610612747.0,Los Angeles,Lakers,LAL,0,0,,,,,,0,0,,,,,,0
0021300824,409,2,79,3,12:32 AM,0:08,MISS Farmar 17' Pullup Jump Shot,,,,,4,200770,Jordan Farmar,1610612747.0,Los Angeles,Lakers,LAL,0,0,,,,,,0,0,,,,,,0
0021300824,410,4,0,3,12:33 AM,0:06,,,Wallace REBOUND (Off:0 Def:7),,,5,2222,Gerald Wallace,1610612738.0,Boston,Celtics,BOS,0,0,,,,,,0,0,,,,,,0
0021300824,411,2,1,3,12:33 AM,0:02,,,MISS Wallace 27' 3PT Jump Shot,,,5,2222,Gerald Wallace,1610612738.0,Boston,Celtics,BOS,0,0,,,,,,0,0,,,,,,0
0021300824,412,4,0,3,12:33 AM,0:01,,,Olynyk REBOUND (Off:3 Def:2),,,5,203482,Kelly Olynyk,1610612738.0,Boston,Celtics,BOS,0,0,,,,,,0,0,,,,,,0
0021300824,413,2,5,3,12:33 AM,0:00,Hill BLOCK (1 BLK),,MISS Olynyk 1' Layup,,,5,203482,Kelly Olynyk,1610612738.0,Boston,Celtics,BOS,0,0,,,,,,4,201941,Jordan Hill,1610612747.0,Los Angeles,Lakers,LAL,0
0021300824,414,4,0,3,12:33 AM,0:00,,,Celtics Rebound,,,3,1610612738,,,,,,0,0,,,,,,0,0,,,,,,0
0021300824,415,13,0,3,12:33 AM,0:00,,End of 3rd Period (12:33 AM EST),,74 - 63,-11,0,0,,,,,,0,0,,,,,,0,0,,,,,,0
0021300824,417,12,0,4,12:37 AM,12:00,,Start of 4th Period (12:37 AM EST),,74 - 63,-11,0,0,,,,,,0,0,,,,,,0,0,,,,,,0
0021300824,418,1,78,4,12:37 AM,11:44,Brooks 9' Floating Jump Shot (6 PTS) (Farmar 2 AST),,,74 - 65,-9,4,202705,MarShon Brooks,1610612747.0,Los Angeles,Lakers,LAL,4,200770,Jordan Farmar,1610612747.0,Los Angeles,Lakers,LAL,0,0,,,,,,0
0021300824,419,2,1,4,12:37 AM,11:23,,,MISS Olynyk 14' Jump Shot,,,5,203482,Kelly Olynyk,1610612738.0,Boston,Celtics,BOS,0,0,,,,,,0,0,,,,,,0
0021300824,420,4,0,4,12:37 AM,11:21,Kaman REBOUND (Off:1 Def:4),,,,,4,2549,Chris Kaman,1610612747.0,Los Angeles,Lakers,LAL,0,0,,,,,,0,0,,,,,,0
0021300824,421,1,5,4,12:38 AM,11:08,Brooks 2' Layup (8 PTS),,,74 - 67,-7,4,202705,MarShon Brooks,1610612747.0,Los Angeles,Lakers,LAL,0,0,,,,,,0,0,,,,,,0
0021300824,422,2,1,4,12:38 AM,10:51,,,MISS Green 19' Jump Shot,,,5,201145,Jeff Green,1610612738.0,Boston,Celtics,BOS,0,0,,,,,,0,0,,,,,,0
0021300824,423,4,0,4,12:38 AM,10:50,Kaman REBOUND (Off:1 Def:5),,,,,4,2549,Chris Kaman,1610612747.0,Los Angeles,Lakers,LAL,0,0,,,,,,0,0,,,,,,0
0021300824,424,7,5,4,12:38 AM,10:47,,,Johnson Violation:Kicked Ball,,,5,203187,Chris Johnson,1610612738.0,Boston,Celtics,BOS,0,0,,,,,,1,0,,,,,,0
0021300824,425,8,0,4,12:38 AM,10:47,,,SUB: Pressey FOR Johnson,,,5,203187,Chris Johnson,1610612738.0,Boston,Celtics,BOS,5,203515,Phil Pressey,1610612738.0,Boston,Celtics,BOS,0,0,,,,,,0
0021300824,426,6,1,4,12:38 AM,10:41,,,Bayless P.FOUL (P1.T1),,,5,201573,Jerryd Bayless,1610612738.0,Boston,Celtics,BOS,4,202705,MarShon Brooks,1610612747.0,Los Angeles,Lakers,LAL,1,0,,,,,,0
0021300824,429,1,1,4,12:39 AM,10:33,Brooks 6' Jump Shot (10 PTS),,,74 - 69,-5,4,202705,MarShon Brooks,1610612747.0,Los Angeles,Lakers,LAL,0,0,,,,,,0,0,,,,,,0
0021300824,430,1,78,4,12:39 AM,10:22,,,Bayless 9' Floating Jump Shot (4 PTS) (Pressey 1 AST),76 - 69,-7,5,201573,Jerryd Bayless,1610612738.0,Boston,Celtics,BOS,5,203515,Phil Pressey,1610612738.0,Boston,Celtics,BOS,0,0,,,,,,0
0021300824,431,2,1,4,12:39 AM,10:09,MISS Brooks 14' Jump Shot,,,,,4,202705,MarShon Brooks,1610612747.0,Los Angeles,Lakers,LAL,0,0,,,,,,0,0,,,,,,0
0021300824,432,4,0,4,12:39 AM,10:07,Hill REBOUND (Off:3 Def:5),,,,,4,201941,Jordan Hill,1610612747.0,Los Angeles,Lakers,LAL,0,0,,,,,,0,0,,,,,,0
0021300824,433,2,5,4,12:39 AM,10:06,MISS Hill 1' Layup,,,,,4,201941,Jordan Hill,1610612747.0,Los Angeles,Lakers,LAL,0,0,,,,,,0,0,,,,,,0
0021300824,434,4,0,4,12:39 AM,10:05,Hill REBOUND (Off:4 Def:5),,,,,4,201941,Jordan Hill,1610612747.0,Los Angeles,Lakers,LAL,0,0,,,,,,0,0,,,,,,0
0021300824,435,1,8,4,12:39 AM,10:04,Hill 1' Slam Dunk (8 PTS),,,76 - 71,-5,4,201941,Jordan Hill,1610612747.0,Los Angeles,Lakers,LAL,0,0,,,,,,0,0,,,,,,0
0021300824,436,2,1,4,12:39 AM,9:51,,,MISS Olynyk 24' 3PT Jump Shot,,,5,203482,Kelly Olynyk,1610612738.0,Boston,Celtics,BOS,0,0,,,,,,0,0,,,,,,0
0021300824,437,4,0,4,12:39 AM,9:50,Farmar REBOUND (Off:0 Def:2),,,,,4,200770,Jordan Farmar,1610612747.0,Los Angeles,Lakers,LAL,0,0,,,,,,0,0,,,,,,0
0021300824,438,1,1,4,12:40 AM,9:32,Farmar  3PT Jump Shot (3 PTS) (Bazemore 2 AST),,,76 - 74,-2,4,200770,Jordan Farmar,1610612747.0,Los Angeles,Lakers,LAL,4,203145,Kent Bazemore,1610612747.0,Los Angeles,Lakers,LAL,0,0,,,,,,0
0021300824,439,5,2,4,12:40 AM,9:18,Brooks STEAL (1 STL),,Bayless Lost Ball Turnover (P1.T12),,,5,201573,Jerryd Bayless,1610612738.0,Boston,Celtics,BOS,4,202705,MarShon Brooks,1610612747.0,Los Angeles,Lakers,LAL,0,0,,,,,,0
0021300824,440,1,49,4,12:40 AM,9:14,Brooks 1' Driving Dunk (12 PTS) (Farmar 3 AST),,,76 - 76,TIE,4,202705,MarShon Brooks,1610612747.0,Los Angeles,Lakers,LAL,4,200770,Jordan Farmar,1610612747.0,Los Angeles,Lakers,LAL,0,0,,,,,,0
0021300824,441,9,1,4,12:40 AM,9:14,,,Celtics Timeout: Regular (Reg.4 Short 0),,,3,1610612738,,,,,,0,0,,,,,,0,0,,,,,,0
0021300824,444,8,0,4,12:43 AM,9:14,,,SUB: Sullinger FOR Olynyk,,,5,203482,Kelly Olynyk,1610612738.0,Boston,Celtics,BOS,5,203096,Jared Sullinger,1610612738.0,Boston,Celtics,BOS,0,0,,,,,,0
0021300824,445,6,1,4,12:44 AM,9:03,Kaman P.FOUL (P2.T1),,,,,4,2549,Chris Kaman,1610612747.0,Los Angeles,Lakers,LAL,5,203096,Jared Sullinger,1610612738.0,Boston,Celtics,BOS,1,0,,,,,,0
0021300824,446,6,2,4,12:44 AM,8:57,Brooks S.FOUL (P1.T2),,,,,4,202705,MarShon Brooks,1610612747.0,Los Angeles,Lakers,LAL,5,201573,Jerryd Bayless,1610612738.0,Boston,Celtics,BOS,1,0,,,,,,0
0021300824,447,3,11,4,12:44 AM,8:57,,,MISS Bayless Free Throw 1 of 2,,,5,201573,Jerryd Bayless,1610612738.0,Boston,Celtics,BOS,0,0,,,,,,0,0,,,,,,0
0021300824,448,4,1,4,12:44 AM,8:57,,,Celtics Rebound,,,3,1610612738,,,,,,0,0,,,,,,0,0,,,,,,0
0021300824,449,3,12,4,12:45 AM,8:57,,,Bayless Free Throw 2 of 2 (5 PTS),77 - 76,-1,5,201573,Jerryd Bayless,1610612738.0,Boston,Celtics,BOS,0,0,,,,,,0,0,,,,,,0
0021300824,452,1,66,4,12:45 AM,8:37,Brooks 5' Jump Bank Shot (14 PTS) (Bazemore 3 AST),,,77 - 78,1,4,202705,MarShon Brooks,1610612747.0,Los Angeles,Lakers,LAL,4,203145,Kent Bazemore,1610612747.0,Los Angeles,Lakers,LAL,0,0,,,,,,0
0021300824,453,1,44,4,12:45 AM,8:23,,,Green 2' Reverse Layup (18 PTS) (Sullinger 1 AST),79 - 78,-1,5,201145,Jeff Green,1610612738.0,Boston,Celtics,BOS,5,203096,Jared Sullinger,1610612738.0,Boston,Celtics,BOS,0,0,,,,,,0
0021300824,454,1,79,4,12:46 AM,8:10,Farmar 16' Pullup Jump Shot (5 PTS),,,79 - 80,1,4,200770,Jordan Farmar,1610612747.0,Los Angeles,Lakers,LAL,0,0,,,,,,0,0,,,,,,0
0021300824,456,5,2,4,12:46 AM,7:47,Bazemore STEAL (2 STL),,Pressey Lost Ball Turnover (P2.T13),,,5,203515,Phil Pressey,1610612738.0,Boston,Celtics,BOS,4,203145,Kent Bazemore,1610612747.0,Los Angeles,Lakers,LAL,0,0,,,,,,0
0021300824,455,10,0,4,12:47 AM,7:47,Jump Ball Brooks vs. Pressey: Tip to Farmar,,,,,4,202705,MarShon Brooks,1610612747.0,Los Angeles,Lakers,LAL,5,203515,Phil Pressey,1610612738.0,Boston,Celtics,BOS,4,200770,Jordan Farmar,1610612747.0,Los Angeles,Lakers,LAL,0
0021300824,457,2,1,4,12:47 AM,7:37,MISS Farmar  3PT Jump Shot,,,,,4,200770,Jordan Farmar,1610612747.0,Los Angeles,Lakers,LAL,0,0,,,,,,0,0,,,,,,0
0021300824,458,4,0,4,12:47 AM,7:35,,,Sullinger REBOUND (Off:5 Def:3),,,5,203096,Jared Sullinger,1610612738.0,Boston,Celtics,BOS,0,0,,,,,,0,0,,,,,,0
0021300824,459,2,47,4,12:47 AM,7:21,,,MISS Green 11' Turnaround Jump Shot,,,5,201145,Jeff Green,1610612738.0,Boston,Celtics,BOS,0,0,,,,,,0,0,,,,,,0
0021300824,460,4,0,4,12:47 AM,7:20,,,Sullinger REBOUND (Off:6 Def:3),,,5,203096,Jared Sullinger,1610612738.0,Boston,Celtics,BOS,0,0,,,,,,0,0,,,,,,0
0021300824,461,2,5,4,12:47 AM,7:18,,,MISS Sullinger 2' Layup,,,5,203096,Jared Sullinger,1610612738.0,Boston,Celtics,BOS,0,0,,,,,,0,0,,,,,,0
0021300824,462,4,0,4,12:47 AM,7:17,Kaman REBOUND (Off:1 Def:6),,,,,4,2549,Chris Kaman,1610612747.0,Los Angeles,Lakers,LAL,0,0,,,,,,0,0,,,,,,0
0021300824,463,2,63,4,12:48 AM,7:02,MISS Farmar 16' Fadeaway Jumper,,Pressey BLOCK (1 BLK),,,4,200770,Jordan Farmar,1610612747.0,Los Angeles,Lakers,LAL,0,0,,,,,,5,203515,Phil Pressey,1610612738.0,Boston,Celtics,BOS,0
0021300824,464,4,0,4,12:48 AM,6:59,,,Humphries REBOUND (Off:0 Def:2),,,5,2743,Kris Humphries,1610612738.0,Boston,Celtics,BOS,0,0,,,,,,0,0,,,,,,0
0021300824,465,2,5,4,12:48 AM,6:54,,,MISS Pressey 2' Layup,,,5,203515,Phil Pressey,1610612738.0,Boston,Celtics,BOS,0,0,,,,,,0,0,,,,,,0
0021300824,466,4,0,4,12:48 AM,6:54,LAKERS Rebound,,,,,2,1610612747,,,,,,0,0,,,,,,0,0,,,,,,0
0021300824,467,6,3,4,12:48 AM,6:54,,,Sullinger L.B.FOUL (P3.T2),,,5,203096,Jared Sullinger,1610612738.0,Boston,Celtics,BOS,4,2549,Chris Kaman,1610612747.0,Los Angeles,Lakers,LAL,1,0,,,,,,0
0021300824,469,8,0,4,12:48 AM,6:51,,,SUB: Rondo FOR Bayless,,,5,201573,Jerryd Bayless,1610612738.0,Boston,Celtics,BOS,5,200765,Rajon Rondo,1610612738.0,Boston,Celtics,BOS,0,0,,,,,,0
0021300824,470,8,0,4,12:48 AM,6:51,,,SUB: Wallace FOR Pressey,,,5,203515,Phil Pressey,1610612738.0,Boston,Celtics,BOS,5,2222,Gerald Wallace,1610612738.0,Boston,Celtics,BOS,0,0,,,,,,0
0021300824,471,2,1,4,12:48 AM,6:42,MISS Brooks 18' Jump Shot,,,,,4,202705,MarShon Brooks,1610612747.0,Los Angeles,Lakers,LAL,0,0,,,,,,0,0,,,,,,0
0021300824,472,4,0,4,12:48 AM,6:41,Kaman REBOUND (Off:2 Def:6),,,,,4,2549,Chris Kaman,1610612747.0,Los Angeles,Lakers,LAL,0,0,,,,,,0,0,,,,,,0
0021300824,473,1,3,4,12:48 AM,6:38,Kaman 8' Hook Shot (10 PTS),,,79 - 82,3,4,2549,Chris Kaman,1610612747.0,Los Angeles,Lakers,LAL,0,0,,,,,,0,0,,,,,,0
0021300824,474,5,1,4,12:49 AM,6:27,Brooks STEAL (2 STL),,Wallace Bad Pass Turnover (P3.T14),,,5,2222,Gerald Wallace,1610612738.0,Boston,Celtics,BOS,4,202705,MarShon Brooks,1610612747.0,Los Angeles,Lakers,LAL,0,0,,,,,,0
0021300824,475,5,2,4,12:49 AM,6:23,Brooks Lost Ball Turnover (P2.T16),,Humphries STEAL (1 STL),,,4,202705,MarShon Brooks,1610612747.0,Los Angeles,Lakers,LAL,5,2743,Kris Humphries,1610612738.0,Boston,Celtics,BOS,0,0,,,,,,0
0021300824,476,2,1,4,12:49 AM,6:15,Hill BLOCK (2 BLK),,MISS Sullinger 4' Jump Shot,,,5,203096,Jared Sullinger,1610612738.0,Boston,Celtics,BOS,0,0,,,,,,4,201941,Jordan Hill,1610612747.0,Los Angeles,Lakers,LAL,0
0021300824,477,4,0,4,12:49 AM,6:13,,,Celtics Rebound,,,3,1610612738,,,,,,0,0,,,,,,0,0,,,,,,0
0021300824,478,8,0,4,12:49 AM,6:13,,,SUB: Bass FOR Humphries,,,5,2743,Kris Humphries,1610612738.0,Boston,Celtics,BOS,5,101138,Brandon Bass,1610612738.0,Boston,Celtics,BOS,0,0,,,,,,0
0021300824,479,2,5,4,12:50 AM,6:08,Hill BLOCK (3 BLK),,MISS Wallace 1' Layup,,,5,2222,Gerald Wallace,1610612738.0,Boston,Celtics,BOS,0,0,,,,,,4,201941,Jordan Hill,1610612747.0,Los Angeles,Lakers,LAL,0
0021300824,480,4,0,4,12:50 AM,6:07,Brooks REBOUND (Off:0 Def:2),,,,,4,202705,MarShon Brooks,1610612747.0,Los Angeles,Lakers,LAL,0,0,,,,,,0,0,,,,,,0
0021300824,481,6,28,4,12:50 AM,6:07,,,Rondo Personal Take Foul (P3.T3),,,5,200765,Rajon Rondo,1610612738.0,Boston,Celtics,BOS,4,202705,MarShon Brooks,1610612747.0,Los Angeles,Lakers,LAL,1,0,,,,,,0
0021300824,482,1,42,4,12:50 AM,5:50,Kaman 1' Driving Layup (12 PTS),,,79 - 84,5,4,2549,Chris Kaman,1610612747.0,Los Angeles,Lakers,LAL,0,0,,,,,,0,0,,,,,,0
0021300824,483,1,1,4,12:51 AM,5:36,,,Bass 18' Jump Shot (16 PTS) (Rondo 8 AST),81 - 84,3,5,101138,Brandon Bass,1610612738.0,Boston,Celtics,BOS,5,200765,Rajon Rondo,1610612738.0,Boston,Celtics,BOS,0,0,,,,,,0
0021300824,484,1,1,4,12:51 AM,5:16,Farmar 25' 3PT Jump Shot (8 PTS) (Kaman 1 AST),,,81 - 87,6,4,200770,Jordan Farmar,1610612747.0,Los Angeles,Lakers,LAL,4,2549,Chris Kaman,1610612747.0,Los Angeles,Lakers,LAL,0,0,,,,,,0
0021300824,485,2,5,4,12:51 AM,4:54,,,MISS Sullinger 3' Layup,,,5,203096,Jared Sullinger,1610612738.0,Boston,Celtics,BOS,0,0,,,,,,0,0,,,,,,0
0021300824,487,4,0,4,12:51 AM,4:53,,,Sullinger REBOUND (Off:7 Def:3),,,5,203096,Jared Sullinger,1610612738.0,Boston,Celtics,BOS,0,0,,,,,,0,0,,,,,,0
0021300824,486,2,4,4,12:51 AM,4:53,,,MISS Sullinger  Tip Shot,,,5,203096,Jared Sullinger,1610612738.0,Boston,Celtics,BOS,0,0,,,,,,0,0,,,,,,0
0021300824,488,4,0,4,12:51 AM,4:51,,,Sullinger REBOUND (Off:8 Def:3),,,5,203096,Jared Sullinger,1610612738.0,Boston,Celtics,BOS,0,0,,,,,,0,0,,,,,,0
0021300824,489,1,1,4,12:52 AM,4:40,,,Bass 18' Jump Shot (18 PTS) (Rondo 9 AST),83 - 87,4,5,101138,Brandon Bass,1610612738.0,Boston,Celtics,BOS,5,200765,Rajon Rondo,1610612738.0,Boston,Celtics,BOS,0,0,,,,,,0
0021300824,490,1,1,4,12:52 AM,4:19,Bazemore  3PT Jump Shot (10 PTS) (Kaman 2 AST),,,83 - 90,7,4,203145,Kent Bazemore,1610612747.0,Los Angeles,Lakers,LAL,4,2549,Chris Kaman,1610612747.0,Los Angeles,Lakers,LAL,0,0,,,,,,0
0021300824,491,9,2,4,12:52 AM,4:18,,,Celtics Timeout: Short (Reg.4 Short 1),,,3,1610612738,,,,,,0,0,,,,,,0,0,,,,,,0
0021300824,493,9,4,4,12:53 AM,4:18,,Timeout: Official,,,,1,0,,,,,,0,0,,,,,,0,0,,,,,,0
0021300824,496,2,42,4,12:56 AM,4:09,,,MISS Rondo 3' Driving Layup,,,5,200765,Rajon Rondo,1610612738.0,Boston,Celtics,BOS,0,0,,,,,,0,0,,,,,,0
0021300824,497,4,0,4,12:56 AM,4:07,Farmar REBOUND (Off:0 Def:3),,,,,4,200770,Jordan Farmar,1610612747.0,Los Angeles,Lakers,LAL,0,0,,,,,,0,0,,,,,,0
0021300824,498,6,4,4,12:56 AM,3:58,Kaman OFF.Foul (P3),,,,,4,2549,Chris Kaman,1610612747.0,Los Angeles,Lakers,LAL,5,203096,Jared Sullinger,1610612738.0,Boston,Celtics,BOS,1,0,,,,,,0
0021300824,499,5,5,4,12:56 AM,3:58,Kaman Foul Turnover (P2.T17),,,,,4,2549,Chris Kaman,1610612747.0,Los Angeles,Lakers,LAL,0,0,,,,,,1,0,,,,,,0
0021300824,500,2,1,4,12:57 AM,3:40,,,MISS Bass 17' Jump Shot,,,5,101138,Brandon Bass,1610612738.0,Boston,Celtics,BOS,0,0,,,,,,0,0,,,,,,0
0021300824,501,4,0,4,12:57 AM,3:39,Bazemore REBOUND (Off:0 Def:3),,,,,4,203145,Kent Bazemore,1610612747.0,Los Angeles,Lakers,LAL,0,0,,,,,,0,0,,,,,,0
0021300824,502,1,1,4,12:57 AM,3:28,Kaman 15' Jump Shot (14 PTS) (Bazemore 4 AST),,,83 - 92,9,4,2549,Chris Kaman,1610612747.0,Los Angeles,Lakers,LAL,4,203145,Kent Bazemore,1610612747.0,Los Angeles,Lakers,LAL,0,0,,,,,,0
0021300824,503,2,1,4,12:57 AM,3:08,,,MISS Green 7' Jump Shot,,,5,201145,Jeff Green,1610612738.0,Boston,Celtics,BOS,0,0,,,,,,0,0,,,,,,0
0021300824,505,4,0,4,12:57 AM,3:07,,,Sullinger REBOUND (Off:9 Def:3),,,5,203096,Jared Sullinger,1610612738.0,Boston,Celtics,BOS,0,0,,,,,,0,0,,,,,,0
0021300824,504,1,4,4,12:57 AM,3:07,,,Sullinger 1' Tip Shot (12 PTS),85 - 92,7,5,203096,Jared Sullinger,1610612738.0,Boston,Celtics,BOS,0,0,,,,,,0,0,,,,,,0
0021300824,506,6,4,4,12:58 AM,2:54,Brooks OFF.Foul (P2),,,,,4,202705,MarShon Brooks,1610612747.0,Los Angeles,Lakers,LAL,5,2222,Gerald Wallace,1610612738.0,Boston,Celtics,BOS,1,0,,,,,,0
0021300824,507,5,5,4,12:58 AM,2:54,Brooks Foul Turnover (P3.T18),,,,,4,202705,MarShon Brooks,1610612747.0,Los Angeles,Lakers,LAL,0,0,,,,,,1,0,,,,,,0
0021300824,508,9,1,4,12:58 AM,2:54,LAKERS Timeout: Regular (Full 4 Short 1),,,,,2,1610612747,,,,,,0,0,,,,,,0,0,,,,,,0
0021300824,512,1,1,4,1:01 AM,2:40,,,Bass 16' Jump Shot (20 PTS) (Rondo 10 AST),87 - 92,5,5,101138,Brandon Bass,1610612738.0,Boston,Celtics,BOS,5,200765,Rajon Rondo,1610612738.0,Boston,Celtics,BOS,0,0,,,,,,0
0021300824,513,1,1,4,1:01 AM,2:26,Bazemore 26' 3PT Jump Shot (13 PTS) (Kaman 3 AST),,,87 - 95,8,4,203145,Kent Bazemore,1610612747.0,Los Angeles,Lakers,LAL,4,2549,Chris Kaman,1610612747.0,Los Angeles,Lakers,LAL,0,0,,,,,,0
0021300824,514,2,1,4,1:02 AM,2:03,,,MISS Sullinger 24' 3PT Jump Shot,,,5,203096,Jared Sullinger,1610612738.0,Boston,Celtics,BOS,0,0,,,,,,0,0,,,,,,0
0021300824,515,4,0,4,1:02 AM,2:02,Hill REBOUND (Off:4 Def:6),,,,,4,201941,Jordan Hill,1610612747.0,Los Angeles,Lakers,LAL,0,0,,,,,,0,0,,,,,,0
0021300824,516,2,1,4,1:02 AM,1:42,MISS Bazemore 27' 3PT Jump Shot,,,,,4,203145,Kent Bazemore,1610612747.0,Los Angeles,Lakers,LAL,0,0,,,,,,0,0,,,,,,0
0021300824,517,4,0,4,1:02 AM,1:40,Hill REBOUND (Off:5 Def:6),,,,,4,201941,Jordan Hill,1610612747.0,Los Angeles,Lakers,LAL,0,0,,,,,,0,0,,,,,,0
0021300824,518,1,3,4,1:02 AM,1:39,Hill 5' Hook Shot (10 PTS),,,87 - 97,10,4,201941,Jordan Hill,1610612747.0,Los Angeles,Lakers,LAL,0,0,,,,,,0,0,,,,,,0
0021300824,519,2,1,4,1:02 AM,1:33,,,MISS Rondo 26' 3PT Jump Shot,,,5,200765,Rajon Rondo,1610612738.0,Boston,Celtics,BOS,0,0,,,,,,0,0,,,,,,0
0021300824,520,4,0,4,1:02 AM,1:32,,,Bass REBOUND (Off:3 Def:5),,,5,101138,Brandon Bass,1610612738.0,Boston,Celtics,BOS,0,0,,,,,,0,0,,,,,,0
0021300824,521,1,5,4,1:02 AM,1:30,,,Wallace 1' Layup (12 PTS),89 - 97,8,5,2222,Gerald Wallace,1610612738.0,Boston,Celtics,BOS,0,0,,,,,,0,0,,,,,,0
0021300824,522,1,66,4,1:03 AM,1:07,Kaman 6' Jump Bank Shot (16 PTS) (Farmar 4 AST),,,89 - 99,10,4,2549,Chris Kaman,1610612747.0,Los Angeles,Lakers,LAL,4,200770,Jordan Farmar,1610612747.0,Los Angeles,Lakers,LAL,0,0,,,,,,0
0021300824,523,1,1,4,1:03 AM,0:59,,,Green 29' 3PT Jump Shot (21 PTS) (Rondo 11 AST),92 - 99,7,5,201145,Jeff Green,1610612738.0,Boston,Celtics,BOS,5,200765,Rajon Rondo,1610612738.0,Boston,Celtics,BOS,0,0,,,,,,0
0021300824,524,2,1,4,1:03 AM,0:37,MISS Farmar 26' 3PT Jump Shot,,,,,4,200770,Jordan Farmar,1610612747.0,Los Angeles,Lakers,LAL,0,0,,,,,,0,0,,,,,,0
0021300824,525,4,0,4,1:03 AM,0:36,,,Green REBOUND (Off:0 Def:3),,,5,201145,Jeff Green,1610612738.0,Boston,Celtics,BOS,0,0,,,,,,0,0,,,,,,0
0021300824,527,9,2,4,1:03 AM,0:36,,,Celtics Timeout: Short (Reg.4 Short 2),,,3,1610612738,,,,,,0,0,,,,,,0,0,,,,,,0
0021300824,530,8,0,4,1:04 AM,0:36,,,SUB: Johnson FOR Wallace,,,5,2222,Gerald Wallace,1610612738.0,Boston,Celtics,BOS,5,203187,Chris Johnson,1610612738.0,Boston,Celtics,BOS,0,0,,,,,,0
0021300824,531,2,1,4,1:05 AM,0:32,,,MISS Green 29' 3PT Jump Shot,,,5,201145,Jeff Green,1610612738.0,Boston,Celtics,BOS,0,0,,,,,,0,0,,,,,,0
0021300824,532,4,0,4,1:05 AM,0:31,Hill REBOUND (Off:5 Def:7),,,,,4,201941,Jordan Hill,1610612747.0,Los Angeles,Lakers,LAL,0,0,,,,,,0,0,,,,,,0
0021300824,533,6,28,4,1:05 AM,0:30,,,Sullinger Personal Take Foul (P4.T4),,,5,203096,Jared Sullinger,1610612738.0,Boston,Celtics,BOS,4,201941,Jordan Hill,1610612747.0,Los Angeles,Lakers,LAL,1,0,,,,,,0
0021300824,534,6,28,4,1:05 AM,0:21,,,Green Personal Take Foul (P5.PN),,,5,201145,Jeff Green,1610612738.0,Boston,Celtics,BOS,4,203145,Kent Bazemore,1610612747.0,Los Angeles,Lakers,LAL,1,0,,,,,,0
0021300824,535,3,11,4,1:06 AM,0:21,Bazemore Free Throw 1 of 2 (14 PTS),,,92 - 100,8,4,203145,Kent Bazemore,1610612747.0,Los Angeles,Lakers,LAL,0,0,,,,,,0,0,,,,,,0
0021300824,537,3,12,4,1:06 AM,0:21,Bazemore Free Throw 2 of 2 (15 PTS),,,92 - 101,9,4,203145,Kent Bazemore,1610612747.0,Los Angeles,Lakers,LAL,0,0,,,,,,0,0,,,,,,0
0021300824,539,5,2,4,1:06 AM,0:12,Brooks STEAL (3 STL),,Bass Lost Ball Turnover (P2.T15),,,5,101138,Brandon Bass,1610612738.0,Boston,Celtics,BOS,4,202705,MarShon Brooks,1610612747.0,Los Angeles,Lakers,LAL,0,0,,,,,,0
0021300824,540,13,0,4,1:07 AM,0:00,,End of 4th Period (1:07 AM EST),,92 - 101,9,0,0,,,,,,0,0,,,,,,0,0,,,,,,0
