GAME_ID,EVENTNUM,EVENTMSGTYPE,EVENTMSGACTIONTYPE,PERIOD,WCTIMESTRING,PCTIMESTRING,HOMEDESCRIPTION,NEUTRALDESCRIPTION,VISITORDESCRIPTION,SCORE,SCOREMARGIN,PERSON1TYPE,PLAYER1_ID,PLAYER1_NAME,PLAYER1_TEAM_ID,PLAYER1_TEAM_CITY,PLAYER1_TEAM_NICKNAME,PLAYER1_TEAM_ABBREVIATION,PERSON2TYPE,PLAYER2_ID,PLAYER2_NAME,PLAYER2_TEAM_ID,PLAYER2_TEAM_CITY,PLAYER2_TEAM_NICKNAME,PLAYER2_TEAM_ABBREVIATION,PERSON3TYPE,PLAYER3_ID,PLAYER3_NAME,PLAYER3_TEAM_ID,PLAYER3_TEAM_CITY,PLAYER3_TEAM_NICKNAME,PLAYER3_TEAM_ABBREVIATION,VIDEO_AVAILABLE_FLAG
0021401007,0,12,0,1,7:42 PM,12:00,,Start of 1st Period (7:42 PM EST),,,,0,0,,,,,,0,0,,,,,,0,0,,,,,,0
0021401007,1,10,0,1,7:42 PM,12:00,Jump Ball Whiteside vs. Lopez: Tip to Haslem,,,,,4,202355,Hassan Whiteside,1610612748.0,Miami,Heat,MIA,5,201577,Robin Lopez,1610612757.0,Portland,Trail Blazers,POR,4,2617,Udonis Haslem,1610612748.0,Miami,Heat,MIA,1
0021401007,2,1,1,1,7:42 PM,11:44,Deng 16' Jump Shot (2 PTS),,,0 - 2,2,4,2736,Luol Deng,1610612748.0,Miami,Heat,MIA,0,0,,,,,,0,0,,,,,,1
0021401007,3,1,1,1,7:43 PM,11:24,,,Batum 17' Jump Shot (2 PTS),2 - 2,TIE,5,201587,Nicolas Batum,1610612757.0,Portland,Trail Blazers,POR,0,0,,,,,,0,0,,,,,,1
0021401007,4,2,57,1,7:43 PM,11:06,MISS Wade 6' Driving Hook Shot,,,,,4,2548,Dwyane Wade,1610612748.0,Miami,Heat,MIA,0,0,,,,,,0,0,,,,,,1
0021401007,5,4,0,1,7:43 PM,11:05,Whiteside REBOUND (Off:1 Def:0),,,,,4,202355,Hassan Whiteside,1610612748.0,Miami,Heat,MIA,0,0,,,,,,0,0,,,,,,1
0021401007,6,2,5,1,7:43 PM,11:03,MISS Whiteside 1' Layup,,Aldridge BLOCK (1 BLK),,,4,202355,Hassan Whiteside,1610612748.0,Miami,Heat,MIA,0,0,,,,,,5,200746,LaMarcus Aldridge,1610612757.0,Portland,Trail Blazers,POR,1
0021401007,7,4,0,1,7:43 PM,11:02,,,Lillard REBOUND (Off:0 Def:1),,,5,203081,Damian Lillard,1610612757.0,Portland,Trail Blazers,POR,0,0,,,,,,0,0,,,,,,1
0021401007,8,1,1,1,7:43 PM,10:53,,,Afflalo 24' 3PT Jump Shot (3 PTS) (Batum 1 AST),5 - 2,-3,5,201167,Arron Afflalo,1610612757.0,Portland,Trail Blazers,POR,5,201587,Nicolas Batum,1610612757.0,Portland,Trail Blazers,POR,0,0,,,,,,1
0021401007,9,1,1,1,7:43 PM,10:32,Haslem 18' Jump Shot (2 PTS) (Dragic 1 AST),,,5 - 4,-1,4,2617,Udonis Haslem,1610612748.0,Miami,Heat,MIA,4,201609,Goran Dragic,1610612748.0,Miami,Heat,MIA,0,0,,,,,,1
0021401007,10,5,4,1,7:44 PM,10:18,,,Lopez Traveling Turnover (P1.T1),,,5,201577,Robin Lopez,1610612757.0,Portland,Trail Blazers,POR,0,0,,,,,,1,0,,,,,,1
0021401007,11,2,42,1,7:44 PM,10:08,MISS Wade 2' Driving Layup,,,,,4,2548,Dwyane Wade,1610612748.0,Miami,Heat,MIA,0,0,,,,,,0,0,,,,,,1
0021401007,12,4,0,1,7:44 PM,10:07,,,Afflalo REBOUND (Off:0 Def:1),,,5,201167,Arron Afflalo,1610612757.0,Portland,Trail Blazers,POR,0,0,,,,,,0,0,,,,,,1
0021401007,13,1,80,1,7:44 PM,9:54,,,Aldridge 16' Step Back Jump Shot (2 PTS),7 - 4,-3,5,200746,LaMarcus Aldridge,1610612757.0,Portland,Trail Blazers,POR,0,0,,,,,,0,0,,,,,,1
0021401007,14,1,43,1,7:45 PM,9:30,Whiteside 1' Alley Oop Layup (2 PTS) (Wade 1 AST),,,7 - 6,-1,4,202355,Hassan Whiteside,1610612748.0,Miami,Heat,MIA,4,2548,Dwyane Wade,1610612748.0,Miami,Heat,MIA,0,0,,,,,,1
0021401007,15,1,1,1,7:45 PM,9:12,,,Aldridge 19' Jump Shot (4 PTS) (Lillard 1 AST),9 - 6,-3,5,200746,LaMarcus Aldridge,1610612757.0,Portland,Trail Blazers,POR,5,203081,Damian Lillard,1610612757.0,Portland,Trail Blazers,POR,0,0,,,,,,1
0021401007,16,2,1,1,7:45 PM,8:52,MISS Dragic 12' Jump Shot,,,,,4,201609,Goran Dragic,1610612748.0,Miami,Heat,MIA,0,0,,,,,,0,0,,,,,,1
0021401007,17,4,0,1,7:45 PM,8:51,,,Aldridge REBOUND (Off:0 Def:1),,,5,200746,LaMarcus Aldridge,1610612757.0,Portland,Trail Blazers,POR,0,0,,,,,,0,0,,,,,,1
0021401007,18,5,1,1,7:46 PM,8:48,,,Lillard Bad Pass Turnover (P1.T2),,,5,203081,Damian Lillard,1610612757.0,Portland,Trail Blazers,POR,0,0,,,,,,0,0,,,,,,1
0021401007,19,2,1,1,7:46 PM,8:35,MISS Haslem 19' Jump Shot,,,,,4,2617,Udonis Haslem,1610612748.0,Miami,Heat,MIA,0,0,,,,,,0,0,,,,,,1
0021401007,20,4,0,1,7:46 PM,8:34,HEAT Rebound,,,,,2,1610612748,,,,,,0,0,,,,,,0,0,,,,,,0
0021401007,21,6,3,1,7:46 PM,8:34,,,Lopez L.B.FOUL (P1.T1),,,5,201577,Robin Lopez,1610612757.0,Portland,Trail Blazers,POR,4,202355,Hassan Whiteside,1610612748.0,Miami,Heat,MIA,1,0,,,,,,1
0021401007,22,5,1,1,7:46 PM,8:30,Dragic Bad Pass Turnover (P1.T1),,Lillard STEAL (1 STL),,,4,201609,Goran Dragic,1610612748.0,Miami,Heat,MIA,5,203081,Damian Lillard,1610612757.0,Portland,Trail Blazers,POR,0,0,,,,,,1
0021401007,23,5,4,1,7:46 PM,8:26,,,Lillard Traveling Turnover (P2.T3),,,5,203081,Damian Lillard,1610612757.0,Portland,Trail Blazers,POR,0,0,,,,,,1,0,,,,,,1
0021401007,24,1,1,1,7:47 PM,8:08,Deng 20' Jump Shot (4 PTS) (Dragic 2 AST),,,9 - 8,-1,4,2736,Luol Deng,1610612748.0,Miami,Heat,MIA,4,201609,Goran Dragic,1610612748.0,Miami,Heat,MIA,0,0,,,,,,1
0021401007,25,1,49,1,7:47 PM,7:47,,,Batum  Driving Dunk (4 PTS) (Aldridge 1 AST),11 - 8,-3,5,201587,Nicolas Batum,1610612757.0,Portland,Trail Blazers,POR,5,200746,LaMarcus Aldridge,1610612757.0,Portland,Trail Blazers,POR,0,0,,,,,,1
0021401007,26,1,7,1,7:48 PM,7:32,Wade  Dunk (2 PTS) (Dragic 3 AST),,,11 - 10,-1,4,2548,Dwyane Wade,1610612748.0,Miami,Heat,MIA,4,201609,Goran Dragic,1610612748.0,Miami,Heat,MIA,0,0,,,,,,1
0021401007,27,5,13,1,7:48 PM,7:20,,,Trail Blazers Turnover: Backcourt (T#4),,,3,1610612757,,,,,,0,0,,,,,,1,0,,,,,,0
0021401007,28,2,1,1,7:48 PM,7:05,MISS Deng 13' Jump Shot,,,,,4,2736,Luol Deng,1610612748.0,Miami,Heat,MIA,0,0,,,,,,0,0,,,,,,1
0021401007,29,4,0,1,7:48 PM,7:04,,,Aldridge REBOUND (Off:0 Def:2),,,5,200746,LaMarcus Aldridge,1610612757.0,Portland,Trail Blazers,POR,0,0,,,,,,0,0,,,,,,1
0021401007,30,2,1,1,7:48 PM,6:52,,,MISS Batum 24' 3PT Jump Shot,,,5,201587,Nicolas Batum,1610612757.0,Portland,Trail Blazers,POR,0,0,,,,,,0,0,,,,,,1
0021401007,31,4,0,1,7:48 PM,6:51,,,Lopez REBOUND (Off:1 Def:0),,,5,201577,Robin Lopez,1610612757.0,Portland,Trail Blazers,POR,0,0,,,,,,0,0,,,,,,1
0021401007,32,1,1,1,7:49 PM,6:47,,,Aldridge 25' 3PT Jump Shot (7 PTS) (Lopez 1 AST),14 - 10,-4,5,200746,LaMarcus Aldridge,1610612757.0,Portland,Trail Blazers,POR,5,201577,Robin Lopez,1610612757.0,Portland,Trail Blazers,POR,0,0,,,,,,1
0021401007,33,9,1,1,7:49 PM,6:46,HEAT Timeout: Regular (Full 1 Short 0),,,,,2,1610612748,,,,,,0,0,,,,,,0,0,,,,,,0
0021401007,37,1,1,1,7:51 PM,6:31,Deng  3PT Jump Shot (7 PTS) (Dragic 4 AST),,,14 - 13,-1,4,2736,Luol Deng,1610612748.0,Miami,Heat,MIA,4,201609,Goran Dragic,1610612748.0,Miami,Heat,MIA,0,0,,,,,,1
0021401007,40,7,2,1,7:52 PM,6:09,Whiteside Violation:Defensive Goaltending,,,,,4,202355,Hassan Whiteside,1610612748.0,Miami,Heat,MIA,0,0,,,,,,1,0,,,,,,0
0021401007,39,1,42,1,7:52 PM,6:09,,,Lillard 2' Driving Layup (2 PTS),16 - 13,-3,5,203081,Damian Lillard,1610612757.0,Portland,Trail Blazers,POR,0,0,,,,,,0,0,,,,,,1
0021401007,41,1,80,1,7:52 PM,5:54,Dragic 7' Step Back Jump Shot (2 PTS),,,16 - 15,-1,4,201609,Goran Dragic,1610612748.0,Miami,Heat,MIA,0,0,,,,,,0,0,,,,,,1
0021401007,42,1,1,1,7:52 PM,5:39,,,Aldridge 20' Jump Shot (9 PTS) (Lillard 2 AST),18 - 15,-3,5,200746,LaMarcus Aldridge,1610612757.0,Portland,Trail Blazers,POR,5,203081,Damian Lillard,1610612757.0,Portland,Trail Blazers,POR,0,0,,,,,,1
0021401007,43,1,78,1,7:53 PM,5:16,Wade 12' Floating Jump Shot (4 PTS),,,18 - 17,-1,4,2548,Dwyane Wade,1610612748.0,Miami,Heat,MIA,0,0,,,,,,0,0,,,,,,1
0021401007,44,2,1,1,7:53 PM,4:59,,,MISS Aldridge 18' Jump Shot,,,5,200746,LaMarcus Aldridge,1610612757.0,Portland,Trail Blazers,POR,0,0,,,,,,0,0,,,,,,1
0021401007,45,4,0,1,7:53 PM,4:58,Wade REBOUND (Off:0 Def:1),,,,,4,2548,Dwyane Wade,1610612748.0,Miami,Heat,MIA,0,0,,,,,,0,0,,,,,,1
0021401007,46,2,75,1,7:53 PM,4:48,MISS Wade 1' Driving Finger Roll Layup,,,,,4,2548,Dwyane Wade,1610612748.0,Miami,Heat,MIA,0,0,,,,,,0,0,,,,,,1
0021401007,47,4,0,1,7:53 PM,4:47,Whiteside REBOUND (Off:2 Def:0),,,,,4,202355,Hassan Whiteside,1610612748.0,Miami,Heat,MIA,0,0,,,,,,0,0,,,,,,1
0021401007,48,1,8,1,7:53 PM,4:46,Whiteside  Slam Dunk (4 PTS),,,18 - 19,1,4,202355,Hassan Whiteside,1610612748.0,Miami,Heat,MIA,0,0,,,,,,0,0,,,,,,1
0021401007,49,1,1,1,7:54 PM,4:25,,,Afflalo 24' 3PT Jump Shot (6 PTS) (Aldridge 2 AST),21 - 19,-2,5,201167,Arron Afflalo,1610612757.0,Portland,Trail Blazers,POR,5,200746,LaMarcus Aldridge,1610612757.0,Portland,Trail Blazers,POR,0,0,,,,,,1
0021401007,50,6,2,1,7:54 PM,4:08,,,Aldridge S.FOUL (P1.T2),,,5,200746,LaMarcus Aldridge,1610612757.0,Portland,Trail Blazers,POR,4,2736,Luol Deng,1610612748.0,Miami,Heat,MIA,1,0,,,,,,1
0021401007,51,3,11,1,7:54 PM,4:08,Deng Free Throw 1 of 2 (8 PTS),,,21 - 20,-1,4,2736,Luol Deng,1610612748.0,Miami,Heat,MIA,0,0,,,,,,0,0,,,,,,0
0021401007,53,8,0,1,7:54 PM,4:08,SUB: Chalmers FOR Wade,,,,,4,2548,Dwyane Wade,1610612748.0,Miami,Heat,MIA,4,201596,Mario Chalmers,1610612748.0,Miami,Heat,MIA,0,0,,,,,,0
0021401007,54,8,0,1,7:54 PM,4:08,,,SUB: Wright FOR Afflalo,,,5,201167,Arron Afflalo,1610612757.0,Portland,Trail Blazers,POR,5,2748,Dorell Wright,1610612757.0,Portland,Trail Blazers,POR,0,0,,,,,,0
0021401007,56,8,0,1,7:55 PM,4:08,,,SUB: McCollum FOR Batum,,,5,201587,Nicolas Batum,1610612757.0,Portland,Trail Blazers,POR,5,203468,CJ McCollum,1610612757.0,Portland,Trail Blazers,POR,0,0,,,,,,0
0021401007,57,3,12,1,7:55 PM,4:08,Deng Free Throw 2 of 2 (9 PTS),,,21 - 21,TIE,4,2736,Luol Deng,1610612748.0,Miami,Heat,MIA,0,0,,,,,,0,0,,,,,,0
0021401007,59,1,1,1,7:55 PM,3:51,,,Lillard 16' Jump Shot (4 PTS),23 - 21,-2,5,203081,Damian Lillard,1610612757.0,Portland,Trail Blazers,POR,0,0,,,,,,0,0,,,,,,1
0021401007,60,5,8,1,7:56 PM,3:30,Haslem 3 Second Violation Turnover (P1.T2),,,,,4,2617,Udonis Haslem,1610612748.0,Miami,Heat,MIA,0,0,,,,,,1,0,,,,,,1
0021401007,61,8,0,1,7:56 PM,3:30,,,SUB: Kaman FOR Lopez,,,5,201577,Robin Lopez,1610612757.0,Portland,Trail Blazers,POR,5,2549,Chris Kaman,1610612757.0,Portland,Trail Blazers,POR,0,0,,,,,,0
0021401007,62,6,1,1,7:56 PM,3:21,Dragic P.FOUL (P1.T1),,,,,4,201609,Goran Dragic,1610612748.0,Miami,Heat,MIA,5,203081,Damian Lillard,1610612757.0,Portland,Trail Blazers,POR,1,0,,,,,,1
0021401007,63,8,0,1,7:56 PM,3:21,SUB: Beasley FOR Haslem,,,,,4,2617,Udonis Haslem,1610612748.0,Miami,Heat,MIA,4,201563,Michael Beasley,1610612748.0,Miami,Heat,MIA,0,0,,,,,,0
0021401007,64,2,1,1,7:57 PM,3:13,,,MISS Aldridge 24' 3PT Jump Shot,,,5,200746,LaMarcus Aldridge,1610612757.0,Portland,Trail Blazers,POR,0,0,,,,,,0,0,,,,,,1
0021401007,65,4,0,1,7:57 PM,3:12,,,Kaman REBOUND (Off:1 Def:0),,,5,2549,Chris Kaman,1610612757.0,Portland,Trail Blazers,POR,0,0,,,,,,0,0,,,,,,1
0021401007,66,2,1,1,7:57 PM,3:11,Whiteside BLOCK (1 BLK),,MISS Kaman 6' Jump Shot,,,5,2549,Chris Kaman,1610612757.0,Portland,Trail Blazers,POR,0,0,,,,,,4,202355,Hassan Whiteside,1610612748.0,Miami,Heat,MIA,1
0021401007,67,4,0,1,7:57 PM,3:10,Dragic REBOUND (Off:0 Def:1),,,,,4,201609,Goran Dragic,1610612748.0,Miami,Heat,MIA,0,0,,,,,,0,0,,,,,,1
0021401007,68,1,42,1,7:57 PM,3:01,Dragic 1' Driving Layup (4 PTS),,,23 - 23,TIE,4,201609,Goran Dragic,1610612748.0,Miami,Heat,MIA,0,0,,,,,,0,0,,,,,,1
0021401007,69,9,1,1,7:57 PM,2:54,,,Trail Blazers Timeout: Regular (Reg.1 Short 0),,,3,1610612757,,,,,,0,0,,,,,,0,0,,,,,,0
0021401007,71,8,0,1,7:59 PM,2:54,,,SUB: Blake FOR Lillard,,,5,203081,Damian Lillard,1610612757.0,Portland,Trail Blazers,POR,5,2581,Steve Blake,1610612757.0,Portland,Trail Blazers,POR,0,0,,,,,,0
0021401007,73,6,1,1,8:00 PM,2:41,Beasley P.FOUL (P1.T2),,,,,4,201563,Michael Beasley,1610612748.0,Miami,Heat,MIA,5,200746,LaMarcus Aldridge,1610612757.0,Portland,Trail Blazers,POR,1,0,,,,,,1
0021401007,74,2,1,1,8:00 PM,2:30,,,MISS McCollum 26' 3PT Jump Shot,,,5,203468,CJ McCollum,1610612757.0,Portland,Trail Blazers,POR,0,0,,,,,,0,0,,,,,,1
0021401007,75,4,0,1,8:00 PM,2:29,Beasley REBOUND (Off:0 Def:1),,,,,4,201563,Michael Beasley,1610612748.0,Miami,Heat,MIA,0,0,,,,,,0,0,,,,,,1
0021401007,76,2,1,1,8:01 PM,2:15,MISS Beasley 19' Jump Shot,,,,,4,201563,Michael Beasley,1610612748.0,Miami,Heat,MIA,0,0,,,,,,0,0,,,,,,1
0021401007,77,4,0,1,8:01 PM,2:14,,,Aldridge REBOUND (Off:0 Def:3),,,5,200746,LaMarcus Aldridge,1610612757.0,Portland,Trail Blazers,POR,0,0,,,,,,0,0,,,,,,1
0021401007,78,1,5,1,8:01 PM,2:04,,,Aldridge 1' Layup (11 PTS) (Blake 1 AST),25 - 23,-2,5,200746,LaMarcus Aldridge,1610612757.0,Portland,Trail Blazers,POR,5,2581,Steve Blake,1610612757.0,Portland,Trail Blazers,POR,0,0,,,,,,1
0021401007,79,1,1,1,8:01 PM,1:46,Dragic 19' Jump Shot (6 PTS),,,25 - 25,TIE,4,201609,Goran Dragic,1610612748.0,Miami,Heat,MIA,0,0,,,,,,0,0,,,,,,1
0021401007,80,1,5,1,8:01 PM,1:34,,,Kaman 2' Layup (2 PTS) (Blake 2 AST),27 - 25,-2,5,2549,Chris Kaman,1610612757.0,Portland,Trail Blazers,POR,5,2581,Steve Blake,1610612757.0,Portland,Trail Blazers,POR,0,0,,,,,,1
0021401007,81,6,1,1,8:01 PM,1:25,,,Blake P.FOUL (P1.T3),,,5,2581,Steve Blake,1610612757.0,Portland,Trail Blazers,POR,4,202355,Hassan Whiteside,1610612748.0,Miami,Heat,MIA,1,0,,,,,,1
0021401007,82,8,0,1,8:02 PM,1:25,SUB: Andersen FOR Whiteside,,,,,4,202355,Hassan Whiteside,1610612748.0,Miami,Heat,MIA,4,2365,Chris Andersen,1610612748.0,Miami,Heat,MIA,0,0,,,,,,0
0021401007,83,8,0,1,8:02 PM,1:25,SUB: Johnson FOR Dragic,,,,,4,201609,Goran Dragic,1610612748.0,Miami,Heat,MIA,4,204020,Tyler Johnson,1610612748.0,Miami,Heat,MIA,0,0,,,,,,0
0021401007,84,1,1,1,8:02 PM,1:11,Chalmers 20' Jump Shot (2 PTS),,,27 - 27,TIE,4,201596,Mario Chalmers,1610612748.0,Miami,Heat,MIA,0,0,,,,,,0,0,,,,,,1
0021401007,85,6,2,1,8:02 PM,1:11,,,Wright S.FOUL (P1.PN),,,5,2748,Dorell Wright,1610612757.0,Portland,Trail Blazers,POR,4,201596,Mario Chalmers,1610612748.0,Miami,Heat,MIA,1,0,,,,,,1
0021401007,86,3,10,1,8:03 PM,1:11,MISS Chalmers Free Throw 1 of 1,,,,,4,201596,Mario Chalmers,1610612748.0,Miami,Heat,MIA,0,0,,,,,,0,0,,,,,,0
0021401007,88,4,0,1,8:03 PM,1:09,,,Kaman REBOUND (Off:1 Def:1),,,5,2549,Chris Kaman,1610612757.0,Portland,Trail Blazers,POR,0,0,,,,,,0,0,,,,,,1
0021401007,89,1,52,1,8:03 PM,1:00,,,Aldridge  Alley Oop Dunk (13 PTS) (Blake 3 AST),29 - 27,-2,5,200746,LaMarcus Aldridge,1610612757.0,Portland,Trail Blazers,POR,5,2581,Steve Blake,1610612757.0,Portland,Trail Blazers,POR,0,0,,,,,,1
0021401007,90,2,1,1,8:03 PM,0:43,MISS Deng 13' Jump Shot,,,,,4,2736,Luol Deng,1610612748.0,Miami,Heat,MIA,0,0,,,,,,0,0,,,,,,1
0021401007,91,4,0,1,8:03 PM,0:42,,,Kaman REBOUND (Off:1 Def:2),,,5,2549,Chris Kaman,1610612757.0,Portland,Trail Blazers,POR,0,0,,,,,,0,0,,,,,,1
0021401007,92,1,1,1,8:03 PM,0:33,,,Wright 24' 3PT Jump Shot (3 PTS) (Kaman 1 AST),32 - 27,-5,5,2748,Dorell Wright,1610612757.0,Portland,Trail Blazers,POR,5,2549,Chris Kaman,1610612757.0,Portland,Trail Blazers,POR,0,0,,,,,,1
0021401007,93,2,1,1,8:04 PM,0:16,MISS Chalmers 16' Jump Shot,,,,,4,201596,Mario Chalmers,1610612748.0,Miami,Heat,MIA,0,0,,,,,,0,0,,,,,,1
0021401007,94,4,0,1,8:04 PM,0:15,Chalmers REBOUND (Off:1 Def:0),,,,,4,201596,Mario Chalmers,1610612748.0,Miami,Heat,MIA,0,0,,,,,,0,0,,,,,,1
0021401007,95,5,1,1,8:04 PM,0:03,Chalmers Bad Pass Turnover (P1.T3),,Aldridge STEAL (1 STL),,,4,201596,Mario Chalmers,1610612748.0,Miami,Heat,MIA,5,200746,LaMarcus Aldridge,1610612757.0,Portland,Trail Blazers,POR,0,0,,,,,,1
0021401007,96,5,2,1,8:04 PM,0:01,Chalmers STEAL (1 STL),,Blake Lost Ball Turnover (P1.T5),,,5,2581,Steve Blake,1610612757.0,Portland,Trail Blazers,POR,4,201596,Mario Chalmers,1610612748.0,Miami,Heat,MIA,0,0,,,,,,1
0021401007,97,2,1,1,8:04 PM,0:00,MISS Johnson 40' 3PT Jump Shot,,,,,4,204020,Tyler Johnson,1610612748.0,Miami,Heat,MIA,0,0,,,,,,0,0,,,,,,1
0021401007,98,4,0,1,8:04 PM,0:00,HEAT Rebound,,,,,2,1610612748,,,,,,0,0,,,,,,0,0,,,,,,0
0021401007,99,13,0,1,8:04 PM,0:00,,End of 1st Period (8:04 PM EST),,32 - 27,-5,0,0,,,,,,0,0,,,,,,0,0,,,,,,0
0021401007,101,12,0,2,8:07 PM,12:00,,Start of 2nd Period (8:07 PM EST),,32 - 27,-5,0,0,,,,,,0,0,,,,,,0,0,,,,,,0
0021401007,103,2,1,2,8:08 PM,11:33,,,MISS Wright 26' 3PT Jump Shot,,,5,2748,Dorell Wright,1610612757.0,Portland,Trail Blazers,POR,0,0,,,,,,0,0,,,,,,1
0021401007,106,4,0,2,8:08 PM,11:32,Johnson REBOUND (Off:0 Def:1),,,,,4,204020,Tyler Johnson,1610612748.0,Miami,Heat,MIA,0,0,,,,,,0,0,,,,,,1
0021401007,107,6,1,2,8:08 PM,11:31,,,Wright P.FOUL (P2.T1),,,5,2748,Dorell Wright,1610612757.0,Portland,Trail Blazers,POR,4,204020,Tyler Johnson,1610612748.0,Miami,Heat,MIA,1,0,,,,,,1
0021401007,108,2,78,2,8:09 PM,11:18,MISS Wade 12' Floating Jump Shot,,,,,4,2548,Dwyane Wade,1610612748.0,Miami,Heat,MIA,0,0,,,,,,0,0,,,,,,1
0021401007,109,4,0,2,8:09 PM,11:17,HEAT Rebound,,,,,2,1610612748,,,,,,0,0,,,,,,0,0,,,,,,0
0021401007,110,6,4,2,8:09 PM,11:09,Chalmers OFF.Foul (P1),,,,,4,201596,Mario Chalmers,1610612748.0,Miami,Heat,MIA,5,203468,CJ McCollum,1610612757.0,Portland,Trail Blazers,POR,1,0,,,,,,1
0021401007,111,5,5,2,8:09 PM,11:09,Chalmers Foul Turnover (P2.T4),,,,,4,201596,Mario Chalmers,1610612748.0,Miami,Heat,MIA,0,0,,,,,,1,0,,,,,,1
0021401007,112,6,4,2,8:10 PM,10:57,,,McCollum OFF.Foul (P1),,,5,203468,CJ McCollum,1610612757.0,Portland,Trail Blazers,POR,4,2365,Chris Andersen,1610612748.0,Miami,Heat,MIA,1,0,,,,,,1
0021401007,113,5,5,2,8:10 PM,10:57,,,McCollum Foul Turnover (P1.T6),,,5,203468,CJ McCollum,1610612757.0,Portland,Trail Blazers,POR,0,0,,,,,,1,0,,,,,,1
0021401007,114,6,4,2,8:10 PM,10:46,Wade OFF.Foul (P1),,,,,4,2548,Dwyane Wade,1610612748.0,Miami,Heat,MIA,5,203468,CJ McCollum,1610612757.0,Portland,Trail Blazers,POR,1,0,,,,,,1
0021401007,115,5,5,2,8:10 PM,10:46,Wade Foul Turnover (P1.T5),,,,,4,2548,Dwyane Wade,1610612748.0,Miami,Heat,MIA,0,0,,,,,,1,0,,,,,,1
0021401007,116,6,1,2,8:10 PM,10:33,Wade P.FOUL (P2.T1),,,,,4,2548,Dwyane Wade,1610612748.0,Miami,Heat,MIA,5,2748,Dorell Wright,1610612757.0,Portland,Trail Blazers,POR,1,0,,,,,,1
0021401007,117,2,1,2,8:11 PM,10:26,,,MISS McCollum 24' 3PT Jump Shot,,,5,203468,CJ McCollum,1610612757.0,Portland,Trail Blazers,POR,0,0,,,,,,0,0,,,,,,1
0021401007,118,4,0,2,8:11 PM,10:25,,,Kaman REBOUND (Off:2 Def:2),,,5,2549,Chris Kaman,1610612757.0,Portland,Trail Blazers,POR,0,0,,,,,,0,0,,,,,,1
0021401007,119,2,44,2,8:11 PM,10:20,,,MISS Leonard 1' Reverse Layup,,,5,203086,Meyers Leonard,1610612757.0,Portland,Trail Blazers,POR,0,0,,,,,,0,0,,,,,,1
0021401007,120,4,0,2,8:11 PM,10:19,HEAT Rebound,,,,,2,1610612748,,,,,,0,0,,,,,,0,0,,,,,,0
0021401007,121,2,75,2,8:11 PM,10:01,MISS Wade 3' Driving Finger Roll Layup,,,,,4,2548,Dwyane Wade,1610612748.0,Miami,Heat,MIA,0,0,,,,,,0,0,,,,,,1
0021401007,122,4,0,2,8:12 PM,10:00,,,Leonard REBOUND (Off:0 Def:1),,,5,203086,Meyers Leonard,1610612757.0,Portland,Trail Blazers,POR,0,0,,,,,,0,0,,,,,,1
0021401007,123,1,5,2,8:12 PM,9:53,,,Leonard 2' Layup (2 PTS) (Blake 4 AST),34 - 27,-7,5,203086,Meyers Leonard,1610612757.0,Portland,Trail Blazers,POR,5,2581,Steve Blake,1610612757.0,Portland,Trail Blazers,POR,0,0,,,,,,1
0021401007,124,6,2,2,8:12 PM,9:53,Chalmers S.FOUL (P2.T2),,,,,4,201596,Mario Chalmers,1610612748.0,Miami,Heat,MIA,5,203086,Meyers Leonard,1610612757.0,Portland,Trail Blazers,POR,1,0,,,,,,1
0021401007,125,3,10,2,8:12 PM,9:53,,,Leonard Free Throw 1 of 1 (3 PTS),35 - 27,-8,5,203086,Meyers Leonard,1610612757.0,Portland,Trail Blazers,POR,0,0,,,,,,0,0,,,,,,0
0021401007,126,1,52,2,8:12 PM,9:43,Andersen  Alley Oop Dunk (2 PTS) (Chalmers 1 AST),,,35 - 29,-6,4,2365,Chris Andersen,1610612748.0,Miami,Heat,MIA,4,201596,Mario Chalmers,1610612748.0,Miami,Heat,MIA,0,0,,,,,,1
0021401007,127,1,1,2,8:13 PM,9:22,,,Kaman 18' Jump Shot (4 PTS) (Blake 5 AST),37 - 29,-8,5,2549,Chris Kaman,1610612757.0,Portland,Trail Blazers,POR,5,2581,Steve Blake,1610612757.0,Portland,Trail Blazers,POR,0,0,,,,,,1
0021401007,129,1,42,2,8:13 PM,9:10,Wade 1' Driving Layup (6 PTS) (Andersen 1 AST),,,37 - 31,-6,4,2548,Dwyane Wade,1610612748.0,Miami,Heat,MIA,4,2365,Chris Andersen,1610612748.0,Miami,Heat,MIA,0,0,,,,,,1
0021401007,130,1,1,2,8:13 PM,8:43,,,McCollum 12' Jump Shot (2 PTS) (Blake 6 AST),39 - 31,-8,5,203468,CJ McCollum,1610612757.0,Portland,Trail Blazers,POR,5,2581,Steve Blake,1610612757.0,Portland,Trail Blazers,POR,0,0,,,,,,1
0021401007,131,2,66,2,8:14 PM,8:27,MISS Wade 10' Jump Bank Shot,,,,,4,2548,Dwyane Wade,1610612748.0,Miami,Heat,MIA,0,0,,,,,,0,0,,,,,,1
0021401007,132,4,0,2,8:14 PM,8:26,,,Kaman REBOUND (Off:2 Def:3),,,5,2549,Chris Kaman,1610612757.0,Portland,Trail Blazers,POR,0,0,,,,,,0,0,,,,,,1
0021401007,134,5,1,2,8:14 PM,8:23,,,Blake Bad Pass Turnover (P2.T7),,,5,2581,Steve Blake,1610612757.0,Portland,Trail Blazers,POR,0,0,,,,,,0,0,,,,,,1
0021401007,135,9,4,2,8:14 PM,8:23,,Timeout: Official,,,,1,0,,,,,,0,0,,,,,,0,0,,,,,,0
0021401007,137,8,0,2,8:16 PM,8:23,,,SUB: Batum FOR Wright,,,5,2748,Dorell Wright,1610612757.0,Portland,Trail Blazers,POR,5,201587,Nicolas Batum,1610612757.0,Portland,Trail Blazers,POR,0,0,,,,,,0
0021401007,138,8,0,2,8:16 PM,8:23,,,SUB: Afflalo FOR McCollum,,,5,203468,CJ McCollum,1610612757.0,Portland,Trail Blazers,POR,5,201167,Arron Afflalo,1610612757.0,Portland,Trail Blazers,POR,0,0,,,,,,0
0021401007,140,2,79,2,8:17 PM,8:12,MISS Chalmers 16' Pullup Jump Shot,,,,,4,201596,Mario Chalmers,1610612748.0,Miami,Heat,MIA,0,0,,,,,,0,0,,,,,,1
0021401007,141,4,0,2,8:17 PM,8:11,,,Leonard REBOUND (Off:0 Def:2),,,5,203086,Meyers Leonard,1610612757.0,Portland,Trail Blazers,POR,0,0,,,,,,0,0,,,,,,1
0021401007,142,2,65,2,8:17 PM,8:01,,,MISS Leonard 13' Jump Hook Shot,,,5,203086,Meyers Leonard,1610612757.0,Portland,Trail Blazers,POR,0,0,,,,,,0,0,,,,,,1
0021401007,143,4,0,2,8:17 PM,8:00,Andersen REBOUND (Off:0 Def:1),,,,,4,2365,Chris Andersen,1610612748.0,Miami,Heat,MIA,0,0,,,,,,0,0,,,,,,1
0021401007,144,5,1,2,8:17 PM,7:58,Chalmers Bad Pass Turnover (P3.T6),,,,,4,201596,Mario Chalmers,1610612748.0,Miami,Heat,MIA,0,0,,,,,,0,0,,,,,,1
0021401007,146,8,0,2,8:17 PM,7:48,SUB: Dragic FOR Chalmers,,,,,4,201596,Mario Chalmers,1610612748.0,Miami,Heat,MIA,4,201609,Goran Dragic,1610612748.0,Miami,Heat,MIA,0,0,,,,,,0
0021401007,147,6,2,2,8:18 PM,7:40,Andersen S.FOUL (P1.T3),,,,,4,2365,Chris Andersen,1610612748.0,Miami,Heat,MIA,5,203086,Meyers Leonard,1610612757.0,Portland,Trail Blazers,POR,1,0,,,,,,1
0021401007,148,3,11,2,8:18 PM,7:40,,,Leonard Free Throw 1 of 2 (4 PTS),40 - 31,-9,5,203086,Meyers Leonard,1610612757.0,Portland,Trail Blazers,POR,0,0,,,,,,0,0,,,,,,0
0021401007,150,8,0,2,8:18 PM,7:40,SUB: Whiteside FOR Andersen,,,,,4,2365,Chris Andersen,1610612748.0,Miami,Heat,MIA,4,202355,Hassan Whiteside,1610612748.0,Miami,Heat,MIA,0,0,,,,,,0
0021401007,151,8,0,2,8:19 PM,7:40,,,SUB: Lillard FOR Blake,,,5,2581,Steve Blake,1610612757.0,Portland,Trail Blazers,POR,5,203081,Damian Lillard,1610612757.0,Portland,Trail Blazers,POR,0,0,,,,,,0
0021401007,152,3,12,2,8:19 PM,7:40,,,Leonard Free Throw 2 of 2 (5 PTS),41 - 31,-10,5,203086,Meyers Leonard,1610612757.0,Portland,Trail Blazers,POR,0,0,,,,,,0,0,,,,,,0
0021401007,154,2,1,2,8:19 PM,7:29,MISS Beasley 16' Jump Shot,,,,,4,201563,Michael Beasley,1610612748.0,Miami,Heat,MIA,0,0,,,,,,0,0,,,,,,1
0021401007,155,4,0,2,8:19 PM,7:28,,,Afflalo REBOUND (Off:0 Def:2),,,5,201167,Arron Afflalo,1610612757.0,Portland,Trail Blazers,POR,0,0,,,,,,0,0,,,,,,1
0021401007,156,6,2,2,8:19 PM,7:15,Johnson S.FOUL (P1.T4),,,,,4,204020,Tyler Johnson,1610612748.0,Miami,Heat,MIA,5,201167,Arron Afflalo,1610612757.0,Portland,Trail Blazers,POR,1,0,,,,,,1
0021401007,157,3,11,2,8:19 PM,7:15,,,Afflalo Free Throw 1 of 2 (7 PTS),42 - 31,-11,5,201167,Arron Afflalo,1610612757.0,Portland,Trail Blazers,POR,0,0,,,,,,0,0,,,,,,0
0021401007,159,8,0,2,8:20 PM,7:15,SUB: Haslem FOR Beasley,,,,,4,201563,Michael Beasley,1610612748.0,Miami,Heat,MIA,4,2617,Udonis Haslem,1610612748.0,Miami,Heat,MIA,0,0,,,,,,0
0021401007,160,3,12,2,8:20 PM,7:15,,,MISS Afflalo Free Throw 2 of 2,,,5,201167,Arron Afflalo,1610612757.0,Portland,Trail Blazers,POR,0,0,,,,,,0,0,,,,,,0
0021401007,162,4,0,2,8:20 PM,7:14,,,Leonard REBOUND (Off:1 Def:2),,,5,203086,Meyers Leonard,1610612757.0,Portland,Trail Blazers,POR,0,0,,,,,,0,0,,,,,,1
0021401007,163,2,1,2,8:20 PM,6:58,,,MISS Leonard 24' 3PT Jump Shot,,,5,203086,Meyers Leonard,1610612757.0,Portland,Trail Blazers,POR,0,0,,,,,,0,0,,,,,,1
0021401007,164,4,0,2,8:20 PM,6:57,Haslem REBOUND (Off:0 Def:1),,,,,4,2617,Udonis Haslem,1610612748.0,Miami,Heat,MIA,0,0,,,,,,0,0,,,,,,1
0021401007,165,1,75,2,8:20 PM,6:44,Wade 2' Driving Finger Roll Layup (8 PTS),,,42 - 33,-9,4,2548,Dwyane Wade,1610612748.0,Miami,Heat,MIA,0,0,,,,,,0,0,,,,,,1
0021401007,166,2,1,2,8:21 PM,6:34,,,MISS Batum 24' 3PT Jump Shot,,,5,201587,Nicolas Batum,1610612757.0,Portland,Trail Blazers,POR,0,0,,,,,,0,0,,,,,,1
0021401007,167,4,0,2,8:21 PM,6:33,Haslem REBOUND (Off:0 Def:2),,,,,4,2617,Udonis Haslem,1610612748.0,Miami,Heat,MIA,0,0,,,,,,0,0,,,,,,1
0021401007,168,1,80,2,8:21 PM,6:17,Dragic 19' Step Back Jump Shot (8 PTS),,,42 - 35,-7,4,201609,Goran Dragic,1610612748.0,Miami,Heat,MIA,0,0,,,,,,0,0,,,,,,1
0021401007,169,2,1,2,8:21 PM,5:54,Whiteside BLOCK (2 BLK),,MISS Afflalo 6' Jump Shot,,,5,201167,Arron Afflalo,1610612757.0,Portland,Trail Blazers,POR,0,0,,,,,,4,202355,Hassan Whiteside,1610612748.0,Miami,Heat,MIA,1
0021401007,170,4,0,2,8:21 PM,5:53,Dragic REBOUND (Off:0 Def:2),,,,,4,201609,Goran Dragic,1610612748.0,Miami,Heat,MIA,0,0,,,,,,0,0,,,,,,1
0021401007,171,1,42,2,8:21 PM,5:49,Dragic 2' Driving Layup (10 PTS),,,42 - 37,-5,4,201609,Goran Dragic,1610612748.0,Miami,Heat,MIA,0,0,,,,,,0,0,,,,,,1
0021401007,172,9,1,2,8:22 PM,5:47,,,Trail Blazers Timeout: Regular (Reg.2 Short 0),,,3,1610612757,,,,,,0,0,,,,,,0,0,,,,,,0
0021401007,174,8,0,2,8:24 PM,5:47,,,SUB: Aldridge FOR Kaman,,,5,2549,Chris Kaman,1610612757.0,Portland,Trail Blazers,POR,5,200746,LaMarcus Aldridge,1610612757.0,Portland,Trail Blazers,POR,0,0,,,,,,0
0021401007,175,8,0,2,8:24 PM,5:47,,,SUB: Lopez FOR Leonard,,,5,203086,Meyers Leonard,1610612757.0,Portland,Trail Blazers,POR,5,201577,Robin Lopez,1610612757.0,Portland,Trail Blazers,POR,0,0,,,,,,0
0021401007,176,8,0,2,8:24 PM,5:47,SUB: Deng FOR Wade,,,,,4,2548,Dwyane Wade,1610612748.0,Miami,Heat,MIA,4,2736,Luol Deng,1610612748.0,Miami,Heat,MIA,0,0,,,,,,0
0021401007,177,1,1,2,8:24 PM,5:27,,,Aldridge 20' Jump Shot (15 PTS) (Lillard 3 AST),44 - 37,-7,5,200746,LaMarcus Aldridge,1610612757.0,Portland,Trail Blazers,POR,5,203081,Damian Lillard,1610612757.0,Portland,Trail Blazers,POR,0,0,,,,,,1
0021401007,178,2,1,2,8:25 PM,5:04,MISS Whiteside 17' Jump Shot,,,,,4,202355,Hassan Whiteside,1610612748.0,Miami,Heat,MIA,0,0,,,,,,0,0,,,,,,1
0021401007,179,4,0,2,8:25 PM,5:03,,,Afflalo REBOUND (Off:0 Def:3),,,5,201167,Arron Afflalo,1610612757.0,Portland,Trail Blazers,POR,0,0,,,,,,0,0,,,,,,1
0021401007,180,2,1,2,8:25 PM,4:57,,,MISS Aldridge 17' Jump Shot,,,5,200746,LaMarcus Aldridge,1610612757.0,Portland,Trail Blazers,POR,0,0,,,,,,0,0,,,,,,1
0021401007,182,4,0,2,8:25 PM,4:56,,,Lopez REBOUND (Off:2 Def:0),,,5,201577,Robin Lopez,1610612757.0,Portland,Trail Blazers,POR,0,0,,,,,,0,0,,,,,,1
0021401007,181,2,4,2,8:25 PM,4:54,,,MISS Lopez 1' Tip Shot,,,5,201577,Robin Lopez,1610612757.0,Portland,Trail Blazers,POR,0,0,,,,,,0,0,,,,,,1
0021401007,184,4,0,2,8:25 PM,4:53,,,Lopez REBOUND (Off:3 Def:0),,,5,201577,Robin Lopez,1610612757.0,Portland,Trail Blazers,POR,0,0,,,,,,0,0,,,,,,1
0021401007,183,1,4,2,8:25 PM,4:52,,,Lopez 1' Tip Shot (2 PTS),46 - 37,-9,5,201577,Robin Lopez,1610612757.0,Portland,Trail Blazers,POR,0,0,,,,,,0,0,,,,,,1
0021401007,185,1,73,2,8:25 PM,4:41,Dragic 1' Driving Reverse Layup (12 PTS),,,46 - 39,-7,4,201609,Goran Dragic,1610612748.0,Miami,Heat,MIA,0,0,,,,,,0,0,,,,,,1
0021401007,186,6,1,2,8:25 PM,4:31,Dragic P.FOUL (P2.PN),,,,,4,201609,Goran Dragic,1610612748.0,Miami,Heat,MIA,5,203081,Damian Lillard,1610612757.0,Portland,Trail Blazers,POR,1,0,,,,,,1
0021401007,187,3,11,2,8:26 PM,4:31,,,Lillard Free Throw 1 of 2 (5 PTS),47 - 39,-8,5,203081,Damian Lillard,1610612757.0,Portland,Trail Blazers,POR,0,0,,,,,,0,0,,,,,,0
0021401007,188,3,12,2,8:26 PM,4:31,,,MISS Lillard Free Throw 2 of 2,,,5,203081,Damian Lillard,1610612757.0,Portland,Trail Blazers,POR,0,0,,,,,,0,0,,,,,,0
0021401007,190,4,0,2,8:26 PM,4:30,Whiteside REBOUND (Off:2 Def:1),,,,,4,202355,Hassan Whiteside,1610612748.0,Miami,Heat,MIA,0,0,,,,,,0,0,,,,,,1
0021401007,191,2,1,2,8:26 PM,4:17,MISS Johnson 20' Jump Shot,,,,,4,204020,Tyler Johnson,1610612748.0,Miami,Heat,MIA,0,0,,,,,,0,0,,,,,,1
0021401007,192,4,0,2,8:26 PM,4:16,,,Aldridge REBOUND (Off:0 Def:4),,,5,200746,LaMarcus Aldridge,1610612757.0,Portland,Trail Blazers,POR,0,0,,,,,,0,0,,,,,,1
0021401007,193,2,78,2,8:26 PM,4:06,,,MISS Lillard 8' Floating Jump Shot,,,5,203081,Damian Lillard,1610612757.0,Portland,Trail Blazers,POR,0,0,,,,,,0,0,,,,,,1
0021401007,194,4,0,2,8:26 PM,4:05,Haslem REBOUND (Off:0 Def:3),,,,,4,2617,Udonis Haslem,1610612748.0,Miami,Heat,MIA,0,0,,,,,,0,0,,,,,,1
0021401007,195,1,5,2,8:26 PM,4:01,Dragic 1' Layup (14 PTS) (Haslem 1 AST),,,47 - 41,-6,4,201609,Goran Dragic,1610612748.0,Miami,Heat,MIA,4,2617,Udonis Haslem,1610612748.0,Miami,Heat,MIA,0,0,,,,,,1
0021401007,196,2,80,2,8:27 PM,3:48,,,MISS Aldridge 19' Step Back Jump Shot,,,5,200746,LaMarcus Aldridge,1610612757.0,Portland,Trail Blazers,POR,0,0,,,,,,0,0,,,,,,1
0021401007,197,4,0,2,8:27 PM,3:47,Dragic REBOUND (Off:0 Def:3),,,,,4,201609,Goran Dragic,1610612748.0,Miami,Heat,MIA,0,0,,,,,,0,0,,,,,,1
0021401007,198,2,1,2,8:27 PM,3:33,MISS Whiteside 6' Jump Shot,,,,,4,202355,Hassan Whiteside,1610612748.0,Miami,Heat,MIA,0,0,,,,,,0,0,,,,,,1
0021401007,199,4,0,2,8:27 PM,3:32,Whiteside REBOUND (Off:3 Def:1),,,,,4,202355,Hassan Whiteside,1610612748.0,Miami,Heat,MIA,0,0,,,,,,0,0,,,,,,1
0021401007,200,1,3,2,8:27 PM,3:30,Whiteside 3' Hook Shot (6 PTS),,,47 - 43,-4,4,202355,Hassan Whiteside,1610612748.0,Miami,Heat,MIA,0,0,,,,,,0,0,,,,,,1
0021401007,201,1,42,2,8:27 PM,3:13,,,Lillard 3' Driving Layup (7 PTS),49 - 43,-6,5,203081,Damian Lillard,1610612757.0,Portland,Trail Blazers,POR,0,0,,,,,,0,0,,,,,,1
0021401007,202,1,78,2,8:28 PM,2:53,Deng 9' Floating Jump Shot (11 PTS) (Dragic 5 AST),,,49 - 45,-4,4,2736,Luol Deng,1610612748.0,Miami,Heat,MIA,4,201609,Goran Dragic,1610612748.0,Miami,Heat,MIA,0,0,,,,,,1
0021401007,203,1,1,2,8:28 PM,2:37,,,Lopez 12' Jump Shot (4 PTS) (Batum 2 AST),51 - 45,-6,5,201577,Robin Lopez,1610612757.0,Portland,Trail Blazers,POR,5,201587,Nicolas Batum,1610612757.0,Portland,Trail Blazers,POR,0,0,,,,,,1
0021401007,204,9,1,2,8:28 PM,2:36,HEAT Timeout: Regular (Full 2 Short 0),,,,,2,1610612748,,,,,,0,0,,,,,,0,0,,,,,,0
0021401007,207,8,0,2,8:31 PM,2:36,SUB: Wade FOR Johnson,,,,,4,204020,Tyler Johnson,1610612748.0,Miami,Heat,MIA,4,2548,Dwyane Wade,1610612748.0,Miami,Heat,MIA,0,0,,,,,,0
0021401007,208,2,78,2,8:31 PM,2:22,MISS Wade 11' Floating Jump Shot,,,,,4,2548,Dwyane Wade,1610612748.0,Miami,Heat,MIA,0,0,,,,,,0,0,,,,,,1
0021401007,209,4,0,2,8:31 PM,2:21,,,Aldridge REBOUND (Off:0 Def:5),,,5,200746,LaMarcus Aldridge,1610612757.0,Portland,Trail Blazers,POR,0,0,,,,,,0,0,,,,,,1
0021401007,210,1,1,2,8:31 PM,2:06,,,Lillard 25' 3PT Jump Shot (10 PTS) (Batum 3 AST),54 - 45,-9,5,203081,Damian Lillard,1610612757.0,Portland,Trail Blazers,POR,5,201587,Nicolas Batum,1610612757.0,Portland,Trail Blazers,POR,0,0,,,,,,1
0021401007,211,6,1,2,8:32 PM,1:49,,,Lillard P.FOUL (P1.T2),,,5,203081,Damian Lillard,1610612757.0,Portland,Trail Blazers,POR,4,2617,Udonis Haslem,1610612748.0,Miami,Heat,MIA,1,0,,,,,,1
0021401007,212,5,1,2,8:32 PM,1:39,Haslem Bad Pass Turnover (P2.T7),,Batum STEAL (1 STL),,,4,2617,Udonis Haslem,1610612748.0,Miami,Heat,MIA,5,201587,Nicolas Batum,1610612757.0,Portland,Trail Blazers,POR,0,0,,,,,,1
0021401007,213,1,5,2,8:32 PM,1:34,,,Afflalo 1' Layup (9 PTS) (Batum 4 AST),56 - 45,-11,5,201167,Arron Afflalo,1610612757.0,Portland,Trail Blazers,POR,5,201587,Nicolas Batum,1610612757.0,Portland,Trail Blazers,POR,0,0,,,,,,1
0021401007,214,2,47,2,8:33 PM,1:16,MISS Wade 6' Turnaround Jump Shot,,,,,4,2548,Dwyane Wade,1610612748.0,Miami,Heat,MIA,0,0,,,,,,0,0,,,,,,1
0021401007,215,4,0,2,8:33 PM,1:15,,,Lopez REBOUND (Off:3 Def:1),,,5,201577,Robin Lopez,1610612757.0,Portland,Trail Blazers,POR,0,0,,,,,,0,0,,,,,,1
0021401007,216,5,1,2,8:33 PM,1:03,Deng STEAL (1 STL),,Lopez Bad Pass Turnover (P2.T8),,,5,201577,Robin Lopez,1610612757.0,Portland,Trail Blazers,POR,4,2736,Luol Deng,1610612748.0,Miami,Heat,MIA,0,0,,,,,,1
0021401007,217,6,2,2,8:33 PM,1:00,,,Afflalo S.FOUL (P1.PN),,,5,201167,Arron Afflalo,1610612757.0,Portland,Trail Blazers,POR,4,2736,Luol Deng,1610612748.0,Miami,Heat,MIA,1,0,,,,,,1
0021401007,218,6,11,2,8:33 PM,1:00,,,Lopez T.FOUL (P1.PN),,,5,201577,Robin Lopez,1610612757.0,Portland,Trail Blazers,POR,0,0,,,,,,1,0,,,,,,0
0021401007,219,3,16,2,8:33 PM,1:00,Wade Free Throw Technical (9 PTS),,,56 - 46,-10,4,2548,Dwyane Wade,1610612748.0,Miami,Heat,MIA,0,0,,,,,,0,0,,,,,,0
0021401007,221,3,11,2,8:34 PM,1:00,MISS Deng Free Throw 1 of 2,,,,,4,2736,Luol Deng,1610612748.0,Miami,Heat,MIA,0,0,,,,,,0,0,,,,,,0
0021401007,222,4,1,2,8:34 PM,1:00,HEAT Rebound,,,,,2,1610612748,,,,,,0,0,,,,,,0,0,,,,,,0
0021401007,223,8,0,2,8:34 PM,1:00,SUB: Johnson FOR Dragic,,,,,4,201609,Goran Dragic,1610612748.0,Miami,Heat,MIA,4,204020,Tyler Johnson,1610612748.0,Miami,Heat,MIA,0,0,,,,,,0
0021401007,225,8,0,2,8:34 PM,1:00,SUB: Chalmers FOR Wade,,,,,4,2548,Dwyane Wade,1610612748.0,Miami,Heat,MIA,4,201596,Mario Chalmers,1610612748.0,Miami,Heat,MIA,0,0,,,,,,0
0021401007,226,3,12,2,8:34 PM,1:00,MISS Deng Free Throw 2 of 2,,,,,4,2736,Luol Deng,1610612748.0,Miami,Heat,MIA,0,0,,,,,,0,0,,,,,,0
0021401007,228,4,0,2,8:34 PM,0:59,,,Batum REBOUND (Off:0 Def:1),,,5,201587,Nicolas Batum,1610612757.0,Portland,Trail Blazers,POR,0,0,,,,,,0,0,,,,,,1
0021401007,229,2,42,2,8:34 PM,0:50,Whiteside BLOCK (3 BLK),,MISS Lillard 2' Driving Layup,,,5,203081,Damian Lillard,1610612757.0,Portland,Trail Blazers,POR,0,0,,,,,,4,202355,Hassan Whiteside,1610612748.0,Miami,Heat,MIA,1
0021401007,230,4,0,2,8:34 PM,0:49,Johnson REBOUND (Off:0 Def:2),,,,,4,204020,Tyler Johnson,1610612748.0,Miami,Heat,MIA,0,0,,,,,,0,0,,,,,,1
0021401007,231,2,1,2,8:35 PM,0:35,MISS Johnson 10' Jump Shot,,,,,4,204020,Tyler Johnson,1610612748.0,Miami,Heat,MIA,0,0,,,,,,0,0,,,,,,1
0021401007,232,4,0,2,8:35 PM,0:35,,,Trail Blazers Rebound,,,3,1610612757,,,,,,0,0,,,,,,0,0,,,,,,0
0021401007,233,6,3,2,8:35 PM,0:35,Haslem L.B.FOUL (P1.PN),,,,,4,2617,Udonis Haslem,1610612748.0,Miami,Heat,MIA,5,201587,Nicolas Batum,1610612757.0,Portland,Trail Blazers,POR,1,0,,,,,,1
0021401007,234,3,11,2,8:35 PM,0:35,,,MISS Batum Free Throw 1 of 2,,,5,201587,Nicolas Batum,1610612757.0,Portland,Trail Blazers,POR,0,0,,,,,,0,0,,,,,,0
0021401007,235,4,1,2,8:35 PM,0:35,,,Trail Blazers Rebound,,,3,1610612757,,,,,,0,0,,,,,,0,0,,,,,,0
0021401007,236,8,0,2,8:36 PM,0:35,SUB: Wade FOR Johnson,,,,,4,204020,Tyler Johnson,1610612748.0,Miami,Heat,MIA,4,2548,Dwyane Wade,1610612748.0,Miami,Heat,MIA,0,0,,,,,,0
0021401007,237,3,12,2,8:36 PM,0:35,,,Batum Free Throw 2 of 2 (5 PTS),57 - 46,-11,5,201587,Nicolas Batum,1610612757.0,Portland,Trail Blazers,POR,0,0,,,,,,0,0,,,,,,0
0021401007,239,2,77,2,8:36 PM,0:24,MISS Chalmers 13' Driving Jump Shot,,,,,4,201596,Mario Chalmers,1610612748.0,Miami,Heat,MIA,0,0,,,,,,0,0,,,,,,1
0021401007,240,4,0,2,8:36 PM,0:23,Wade REBOUND (Off:1 Def:1),,,,,4,2548,Dwyane Wade,1610612748.0,Miami,Heat,MIA,0,0,,,,,,0,0,,,,,,1
0021401007,241,1,77,2,8:36 PM,0:02,Wade 4' Driving Jump Shot (11 PTS),,,57 - 48,-9,4,2548,Dwyane Wade,1610612748.0,Miami,Heat,MIA,0,0,,,,,,0,0,,,,,,1
0021401007,242,7,1,2,8:36 PM,0:02,HEAT Violation: Delay of game Violation,,,,,2,1610612748,,,,,,0,0,,,,,,1,0,,,,,,0
0021401007,243,9,2,2,8:37 PM,0:02,,,Trail Blazers Timeout: Short (Reg.2 Short 1),,,3,1610612757,,,,,,0,0,,,,,,0,0,,,,,,0
0021401007,245,8,0,2,8:37 PM,0:02,,,SUB: Kaman FOR Lopez,,,5,201577,Robin Lopez,1610612757.0,Portland,Trail Blazers,POR,5,2549,Chris Kaman,1610612757.0,Portland,Trail Blazers,POR,0,0,,,,,,0
0021401007,246,8,0,2,8:38 PM,0:02,SUB: Johnson FOR Wade,,,,,4,2548,Dwyane Wade,1610612748.0,Miami,Heat,MIA,4,204020,Tyler Johnson,1610612748.0,Miami,Heat,MIA,0,0,,,,,,0
0021401007,248,2,1,2,8:38 PM,0:00,Whiteside BLOCK (4 BLK),,MISS Afflalo 20' Jump Shot,,,5,201167,Arron Afflalo,1610612757.0,Portland,Trail Blazers,POR,0,0,,,,,,4,202355,Hassan Whiteside,1610612748.0,Miami,Heat,MIA,1
0021401007,249,4,0,2,8:38 PM,0:00,,,Trail Blazers Rebound,,,3,1610612757,,,,,,0,0,,,,,,0,0,,,,,,0
0021401007,250,13,0,2,8:38 PM,0:00,,End of 2nd Period (8:38 PM EST),,57 - 48,-9,0,0,,,,,,0,0,,,,,,0,0,,,,,,0
0021401007,252,12,0,3,8:54 PM,12:00,,Start of 3rd Period (8:54 PM EST),,57 - 48,-9,0,0,,,,,,0,0,,,,,,0,0,,,,,,0
0021401007,253,2,66,3,8:54 PM,11:45,,,MISS Lillard 9' Jump Bank Shot,,,5,203081,Damian Lillard,1610612757.0,Portland,Trail Blazers,POR,0,0,,,,,,0,0,,,,,,1
0021401007,254,4,0,3,8:54 PM,11:44,Whiteside REBOUND (Off:3 Def:2),,,,,4,202355,Hassan Whiteside,1610612748.0,Miami,Heat,MIA,0,0,,,,,,0,0,,,,,,1
0021401007,255,5,11,3,8:54 PM,11:20,HEAT Turnover: Shot Clock (T#8),,,,,2,1610612748,,,,,,0,0,,,,,,1,0,,,,,,0
0021401007,256,1,63,3,8:55 PM,10:56,,,Aldridge 10' Fadeaway Jumper (17 PTS),59 - 48,-11,5,200746,LaMarcus Aldridge,1610612757.0,Portland,Trail Blazers,POR,0,0,,,,,,0,0,,,,,,1
0021401007,257,1,1,3,8:55 PM,10:43,Wade 9' Jump Shot (13 PTS) (Dragic 6 AST),,,59 - 50,-9,4,2548,Dwyane Wade,1610612748.0,Miami,Heat,MIA,4,201609,Goran Dragic,1610612748.0,Miami,Heat,MIA,0,0,,,,,,1
0021401007,258,5,1,3,8:55 PM,10:28,,,Lillard Bad Pass Turnover (P3.T9),,,5,203081,Damian Lillard,1610612757.0,Portland,Trail Blazers,POR,0,0,,,,,,0,0,,,,,,1
0021401007,259,2,3,3,8:56 PM,10:15,MISS Whiteside 7' Hook Shot,,,,,4,202355,Hassan Whiteside,1610612748.0,Miami,Heat,MIA,0,0,,,,,,0,0,,,,,,1
0021401007,260,4,0,3,8:56 PM,10:14,,,Aldridge REBOUND (Off:0 Def:6),,,5,200746,LaMarcus Aldridge,1610612757.0,Portland,Trail Blazers,POR,0,0,,,,,,0,0,,,,,,1
0021401007,261,1,1,3,8:56 PM,10:05,,,Aldridge 18' Jump Shot (19 PTS) (Batum 5 AST),61 - 50,-11,5,200746,LaMarcus Aldridge,1610612757.0,Portland,Trail Blazers,POR,5,201587,Nicolas Batum,1610612757.0,Portland,Trail Blazers,POR,0,0,,,,,,1
0021401007,262,1,1,3,8:56 PM,9:48,Whiteside 12' Jump Shot (8 PTS) (Wade 2 AST),,,61 - 52,-9,4,202355,Hassan Whiteside,1610612748.0,Miami,Heat,MIA,4,2548,Dwyane Wade,1610612748.0,Miami,Heat,MIA,0,0,,,,,,1
0021401007,263,2,1,3,8:56 PM,9:29,,,MISS Aldridge 15' Jump Shot,,,5,200746,LaMarcus Aldridge,1610612757.0,Portland,Trail Blazers,POR,0,0,,,,,,0,0,,,,,,1
0021401007,264,4,0,3,8:57 PM,9:28,,,Lopez REBOUND (Off:4 Def:1),,,5,201577,Robin Lopez,1610612757.0,Portland,Trail Blazers,POR,0,0,,,,,,0,0,,,,,,1
0021401007,265,5,2,3,8:57 PM,9:24,Haslem STEAL (1 STL),,Lopez Lost Ball Turnover (P3.T10),,,5,201577,Robin Lopez,1610612757.0,Portland,Trail Blazers,POR,4,2617,Udonis Haslem,1610612748.0,Miami,Heat,MIA,0,0,,,,,,1
0021401007,266,1,47,3,8:57 PM,9:11,Wade 16' Turnaround Jump Shot (15 PTS),,,61 - 54,-7,4,2548,Dwyane Wade,1610612748.0,Miami,Heat,MIA,0,0,,,,,,0,0,,,,,,1
0021401007,267,2,47,3,8:57 PM,8:53,,,MISS Batum 16' Turnaround Jump Shot,,,5,201587,Nicolas Batum,1610612757.0,Portland,Trail Blazers,POR,0,0,,,,,,0,0,,,,,,1
0021401007,268,4,0,3,8:57 PM,8:52,Haslem REBOUND (Off:0 Def:4),,,,,4,2617,Udonis Haslem,1610612748.0,Miami,Heat,MIA,0,0,,,,,,0,0,,,,,,1
0021401007,269,2,1,3,8:57 PM,8:48,MISS Dragic 10' Jump Shot,,Lopez BLOCK (1 BLK),,,4,201609,Goran Dragic,1610612748.0,Miami,Heat,MIA,0,0,,,,,,5,201577,Robin Lopez,1610612757.0,Portland,Trail Blazers,POR,1
0021401007,270,4,0,3,8:57 PM,8:47,HEAT Rebound,,,,,2,1610612748,,,,,,0,0,,,,,,0,0,,,,,,0
0021401007,271,1,1,3,8:58 PM,8:45,Wade 6' Jump Shot (17 PTS) (Dragic 7 AST),,,61 - 56,-5,4,2548,Dwyane Wade,1610612748.0,Miami,Heat,MIA,4,201609,Goran Dragic,1610612748.0,Miami,Heat,MIA,0,0,,,,,,1
0021401007,272,6,2,3,8:58 PM,8:30,Haslem S.FOUL (P2.T1),,,,,4,2617,Udonis Haslem,1610612748.0,Miami,Heat,MIA,5,200746,LaMarcus Aldridge,1610612757.0,Portland,Trail Blazers,POR,1,0,,,,,,1
0021401007,273,3,11,3,8:58 PM,8:30,,,MISS Aldridge Free Throw 1 of 2,,,5,200746,LaMarcus Aldridge,1610612757.0,Portland,Trail Blazers,POR,0,0,,,,,,0,0,,,,,,0
0021401007,274,4,1,3,8:58 PM,8:30,,,Trail Blazers Rebound,,,3,1610612757,,,,,,0,0,,,,,,0,0,,,,,,0
0021401007,275,3,12,3,8:58 PM,8:30,,,Aldridge Free Throw 2 of 2 (20 PTS),62 - 56,-6,5,200746,LaMarcus Aldridge,1610612757.0,Portland,Trail Blazers,POR,0,0,,,,,,0,0,,,,,,0
0021401007,277,1,1,3,8:59 PM,8:18,Deng 8' Jump Shot (13 PTS) (Wade 3 AST),,,62 - 58,-4,4,2736,Luol Deng,1610612748.0,Miami,Heat,MIA,4,2548,Dwyane Wade,1610612748.0,Miami,Heat,MIA,0,0,,,,,,1
0021401007,278,1,1,3,8:59 PM,8:01,,,Afflalo 24' 3PT Jump Shot (12 PTS) (Batum 6 AST),65 - 58,-7,5,201167,Arron Afflalo,1610612757.0,Portland,Trail Blazers,POR,5,201587,Nicolas Batum,1610612757.0,Portland,Trail Blazers,POR,0,0,,,,,,1
0021401007,279,1,1,3,8:59 PM,7:43,Deng 25' 3PT Jump Shot (16 PTS) (Wade 4 AST),,,65 - 61,-4,4,2736,Luol Deng,1610612748.0,Miami,Heat,MIA,4,2548,Dwyane Wade,1610612748.0,Miami,Heat,MIA,0,0,,,,,,1
0021401007,280,2,1,3,9:00 PM,7:24,,,MISS Aldridge 16' Jump Shot,,,5,200746,LaMarcus Aldridge,1610612757.0,Portland,Trail Blazers,POR,0,0,,,,,,0,0,,,,,,1
0021401007,281,4,0,3,9:00 PM,7:23,Deng REBOUND (Off:0 Def:1),,,,,4,2736,Luol Deng,1610612748.0,Miami,Heat,MIA,0,0,,,,,,0,0,,,,,,1
0021401007,282,1,1,3,9:00 PM,7:14,Haslem  3PT Jump Shot (5 PTS) (Wade 5 AST),,,65 - 64,-1,4,2617,Udonis Haslem,1610612748.0,Miami,Heat,MIA,4,2548,Dwyane Wade,1610612748.0,Miami,Heat,MIA,0,0,,,,,,1
0021401007,283,9,1,3,9:00 PM,7:14,,,Trail Blazers Timeout: Regular (Reg.3 Short 1),,,3,1610612757,,,,,,0,0,,,,,,0,0,,,,,,0
0021401007,287,2,63,3,9:03 PM,7:05,,,MISS Afflalo 14' Fadeaway Jumper,,,5,201167,Arron Afflalo,1610612757.0,Portland,Trail Blazers,POR,0,0,,,,,,0,0,,,,,,1
0021401007,288,4,0,3,9:03 PM,7:04,Whiteside REBOUND (Off:3 Def:3),,,,,4,202355,Hassan Whiteside,1610612748.0,Miami,Heat,MIA,0,0,,,,,,0,0,,,,,,1
0021401007,289,2,1,3,9:04 PM,6:38,MISS Wade 15' Jump Shot,,,,,4,2548,Dwyane Wade,1610612748.0,Miami,Heat,MIA,0,0,,,,,,0,0,,,,,,1
0021401007,290,4,0,3,9:04 PM,6:37,,,Aldridge REBOUND (Off:0 Def:7),,,5,200746,LaMarcus Aldridge,1610612757.0,Portland,Trail Blazers,POR,0,0,,,,,,0,0,,,,,,1
0021401007,291,1,1,3,9:04 PM,6:28,,,Lillard 24' 3PT Jump Shot (13 PTS),68 - 64,-4,5,203081,Damian Lillard,1610612757.0,Portland,Trail Blazers,POR,0,0,,,,,,0,0,,,,,,1
0021401007,292,2,1,3,9:04 PM,6:10,MISS Whiteside 16' Jump Shot,,,,,4,202355,Hassan Whiteside,1610612748.0,Miami,Heat,MIA,0,0,,,,,,0,0,,,,,,1
0021401007,293,4,0,3,9:04 PM,6:09,,,Aldridge REBOUND (Off:0 Def:8),,,5,200746,LaMarcus Aldridge,1610612757.0,Portland,Trail Blazers,POR,0,0,,,,,,0,0,,,,,,1
0021401007,294,5,1,3,9:04 PM,5:57,Dragic STEAL (1 STL),,Lillard Bad Pass Turnover (P4.T11),,,5,203081,Damian Lillard,1610612757.0,Portland,Trail Blazers,POR,4,201609,Goran Dragic,1610612748.0,Miami,Heat,MIA,0,0,,,,,,1
0021401007,295,1,1,3,9:04 PM,5:48,Deng 25' 3PT Jump Shot (19 PTS) (Dragic 8 AST),,,68 - 67,-1,4,2736,Luol Deng,1610612748.0,Miami,Heat,MIA,4,201609,Goran Dragic,1610612748.0,Miami,Heat,MIA,0,0,,,,,,1
0021401007,296,6,2,3,9:05 PM,5:30,Haslem S.FOUL (P3.T2),,,,,4,2617,Udonis Haslem,1610612748.0,Miami,Heat,MIA,5,201577,Robin Lopez,1610612757.0,Portland,Trail Blazers,POR,1,0,,,,,,1
0021401007,297,18,0,3,9:06 PM,5:30,,Support Ruling,,,,0,296,Rick Fox,,,,,0,0,,,,,,1,0,,,,,,0
0021401007,299,3,11,3,9:08 PM,5:30,,,Lopez Free Throw 1 of 2 (5 PTS),69 - 67,-2,5,201577,Robin Lopez,1610612757.0,Portland,Trail Blazers,POR,0,0,,,,,,0,0,,,,,,0
0021401007,303,8,0,3,9:08 PM,5:30,SUB: Chalmers FOR Dragic,,,,,4,201609,Goran Dragic,1610612748.0,Miami,Heat,MIA,4,201596,Mario Chalmers,1610612748.0,Miami,Heat,MIA,0,0,,,,,,0
0021401007,301,3,12,3,9:08 PM,5:30,,,Lopez Free Throw 2 of 2 (6 PTS),70 - 67,-3,5,201577,Robin Lopez,1610612757.0,Portland,Trail Blazers,POR,0,0,,,,,,0,0,,,,,,0
0021401007,304,2,1,3,9:08 PM,5:08,MISS Deng 12' Jump Shot,,,,,4,2736,Luol Deng,1610612748.0,Miami,Heat,MIA,0,0,,,,,,0,0,,,,,,1
0021401007,305,4,0,3,9:09 PM,5:07,,,Aldridge REBOUND (Off:0 Def:9),,,5,200746,LaMarcus Aldridge,1610612757.0,Portland,Trail Blazers,POR,0,0,,,,,,0,0,,,,,,1
0021401007,306,2,1,3,9:09 PM,4:56,Whiteside BLOCK (5 BLK),,MISS Afflalo 7' Jump Shot,,,5,201167,Arron Afflalo,1610612757.0,Portland,Trail Blazers,POR,0,0,,,,,,4,202355,Hassan Whiteside,1610612748.0,Miami,Heat,MIA,1
0021401007,307,4,0,3,9:09 PM,4:55,,,Trail Blazers Rebound,,,3,1610612757,,,,,,0,0,,,,,,0,0,,,,,,0
0021401007,308,2,63,3,9:09 PM,4:42,,,MISS Afflalo 19' Fadeaway Jumper,,,5,201167,Arron Afflalo,1610612757.0,Portland,Trail Blazers,POR,0,0,,,,,,0,0,,,,,,1
0021401007,309,4,0,3,9:09 PM,4:41,Wade REBOUND (Off:1 Def:2),,,,,4,2548,Dwyane Wade,1610612748.0,Miami,Heat,MIA,0,0,,,,,,0,0,,,,,,1
0021401007,310,5,4,3,9:09 PM,4:30,Wade Traveling Turnover (P2.T9),,,,,4,2548,Dwyane Wade,1610612748.0,Miami,Heat,MIA,0,0,,,,,,1,0,,,,,,1
0021401007,311,5,2,3,9:10 PM,4:10,Wade STEAL (1 STL),,Aldridge Lost Ball Turnover (P1.T12),,,5,200746,LaMarcus Aldridge,1610612757.0,Portland,Trail Blazers,POR,4,2548,Dwyane Wade,1610612748.0,Miami,Heat,MIA,0,0,,,,,,1
0021401007,312,1,1,3,9:10 PM,3:59,Chalmers 25' 3PT Jump Shot (5 PTS) (Wade 6 AST),,,70 - 70,TIE,4,201596,Mario Chalmers,1610612748.0,Miami,Heat,MIA,4,2548,Dwyane Wade,1610612748.0,Miami,Heat,MIA,0,0,,,,,,1
0021401007,313,1,42,3,9:11 PM,3:43,,,Lillard 3' Driving Layup (15 PTS),72 - 70,-2,5,203081,Damian Lillard,1610612757.0,Portland,Trail Blazers,POR,0,0,,,,,,0,0,,,,,,1
0021401007,314,6,2,3,9:11 PM,3:43,Chalmers S.FOUL (P3.T3),,,,,4,201596,Mario Chalmers,1610612748.0,Miami,Heat,MIA,5,203081,Damian Lillard,1610612757.0,Portland,Trail Blazers,POR,1,0,,,,,,1
0021401007,315,8,0,3,9:11 PM,3:43,,,SUB: Wright FOR Afflalo,,,5,201167,Arron Afflalo,1610612757.0,Portland,Trail Blazers,POR,5,2748,Dorell Wright,1610612757.0,Portland,Trail Blazers,POR,0,0,,,,,,0
0021401007,316,3,10,3,9:11 PM,3:43,,,MISS Lillard Free Throw 1 of 1,,,5,203081,Damian Lillard,1610612757.0,Portland,Trail Blazers,POR,0,0,,,,,,0,0,,,,,,0
0021401007,318,4,0,3,9:11 PM,3:42,Whiteside REBOUND (Off:3 Def:4),,,,,4,202355,Hassan Whiteside,1610612748.0,Miami,Heat,MIA,0,0,,,,,,0,0,,,,,,1
0021401007,319,2,77,3,9:11 PM,3:29,MISS Wade 5' Driving Jump Shot,,,,,4,2548,Dwyane Wade,1610612748.0,Miami,Heat,MIA,0,0,,,,,,0,0,,,,,,1
0021401007,320,4,0,3,9:11 PM,3:28,Whiteside REBOUND (Off:4 Def:4),,,,,4,202355,Hassan Whiteside,1610612748.0,Miami,Heat,MIA,0,0,,,,,,0,0,,,,,,1
0021401007,321,1,5,3,9:12 PM,3:27,Whiteside 3' Layup (10 PTS),,,72 - 72,TIE,4,202355,Hassan Whiteside,1610612748.0,Miami,Heat,MIA,0,0,,,,,,0,0,,,,,,1
0021401007,322,1,47,3,9:12 PM,3:07,,,Aldridge 12' Turnaround Jump Shot (22 PTS),74 - 72,-2,5,200746,LaMarcus Aldridge,1610612757.0,Portland,Trail Blazers,POR,0,0,,,,,,0,0,,,,,,1
0021401007,323,6,2,3,9:12 PM,3:07,Haslem S.FOUL (P4.T4),,,,,4,2617,Udonis Haslem,1610612748.0,Miami,Heat,MIA,5,200746,LaMarcus Aldridge,1610612757.0,Portland,Trail Blazers,POR,1,0,,,,,,1
0021401007,324,8,0,3,9:12 PM,3:07,SUB: Dragic FOR Wade,,,,,4,2548,Dwyane Wade,1610612748.0,Miami,Heat,MIA,4,201609,Goran Dragic,1610612748.0,Miami,Heat,MIA,0,0,,,,,,0
0021401007,325,8,0,3,9:12 PM,3:07,,,SUB: Kaman FOR Lopez,,,5,201577,Robin Lopez,1610612757.0,Portland,Trail Blazers,POR,5,2549,Chris Kaman,1610612757.0,Portland,Trail Blazers,POR,0,0,,,,,,0
0021401007,326,3,10,3,9:12 PM,3:07,,,MISS Aldridge Free Throw 1 of 1,,,5,200746,LaMarcus Aldridge,1610612757.0,Portland,Trail Blazers,POR,0,0,,,,,,0,0,,,,,,0
0021401007,342,4,0,3,9:12 PM,3:06,HEAT Rebound,,,,,2,1610612748,,,,,,0,0,,,,,,0,0,,,,,,0
0021401007,328,8,0,3,9:13 PM,3:05,,,SUB: McCollum FOR Batum,,,5,201587,Nicolas Batum,1610612757.0,Portland,Trail Blazers,POR,5,203468,CJ McCollum,1610612757.0,Portland,Trail Blazers,POR,0,0,,,,,,0
0021401007,330,6,11,3,9:13 PM,3:05,Haslem T.FOUL (P4.T4),,,,,4,2617,Udonis Haslem,1610612748.0,Miami,Heat,MIA,0,0,,,,,,1,0,,,,,,0
0021401007,332,9,1,3,9:13 PM,3:05,HEAT Timeout: Regular (Full 3 Short 0),,,,,2,1610612748,,,,,,0,0,,,,,,0,0,,,,,,0
0021401007,335,8,0,3,9:15 PM,3:05,,,SUB: Blake FOR Lillard,,,5,203081,Damian Lillard,1610612757.0,Portland,Trail Blazers,POR,5,2581,Steve Blake,1610612757.0,Portland,Trail Blazers,POR,0,0,,,,,,0
0021401007,338,3,16,3,9:16 PM,3:05,,,Aldridge Free Throw Technical (23 PTS),75 - 72,-3,5,200746,LaMarcus Aldridge,1610612757.0,Portland,Trail Blazers,POR,0,0,,,,,,0,0,,,,,,0
0021401007,341,10,0,3,9:16 PM,3:05,Jump Ball Whiteside vs. Wright: Tip to Chalmers,,,,,4,202355,Hassan Whiteside,1610612748.0,Miami,Heat,MIA,5,2748,Dorell Wright,1610612757.0,Portland,Trail Blazers,POR,4,201596,Mario Chalmers,1610612748.0,Miami,Heat,MIA,1
0021401007,344,1,1,3,9:16 PM,2:46,Haslem 21' Jump Shot (7 PTS) (Dragic 9 AST),,,75 - 74,-1,4,2617,Udonis Haslem,1610612748.0,Miami,Heat,MIA,4,201609,Goran Dragic,1610612748.0,Miami,Heat,MIA,0,0,,,,,,1
0021401007,346,1,47,3,9:17 PM,2:20,,,Aldridge 13' Turnaround Jump Shot (25 PTS),77 - 74,-3,5,200746,LaMarcus Aldridge,1610612757.0,Portland,Trail Blazers,POR,0,0,,,,,,0,0,,,,,,1
0021401007,347,2,42,3,9:17 PM,2:06,MISS Dragic 1' Driving Layup,,,,,4,201609,Goran Dragic,1610612748.0,Miami,Heat,MIA,0,0,,,,,,0,0,,,,,,1
0021401007,348,4,0,3,9:17 PM,2:05,,,Wright REBOUND (Off:0 Def:1),,,5,2748,Dorell Wright,1610612757.0,Portland,Trail Blazers,POR,0,0,,,,,,0,0,,,,,,1
0021401007,349,2,1,3,9:17 PM,1:55,,,MISS McCollum 24' 3PT Jump Shot,,,5,203468,CJ McCollum,1610612757.0,Portland,Trail Blazers,POR,0,0,,,,,,0,0,,,,,,1
0021401007,350,4,0,3,9:17 PM,1:54,Haslem REBOUND (Off:0 Def:5),,,,,4,2617,Udonis Haslem,1610612748.0,Miami,Heat,MIA,0,0,,,,,,0,0,,,,,,1
0021401007,351,6,1,3,9:17 PM,1:41,,,Wright P.FOUL (P3.T1),,,5,2748,Dorell Wright,1610612757.0,Portland,Trail Blazers,POR,4,2736,Luol Deng,1610612748.0,Miami,Heat,MIA,1,0,,,,,,1
0021401007,352,8,0,3,9:18 PM,1:41,SUB: Beasley FOR Haslem,,,,,4,2617,Udonis Haslem,1610612748.0,Miami,Heat,MIA,4,201563,Michael Beasley,1610612748.0,Miami,Heat,MIA,0,0,,,,,,0
0021401007,353,1,1,3,9:18 PM,1:30,Beasley 17' Jump Shot (2 PTS) (Dragic 10 AST),,,77 - 76,-1,4,201563,Michael Beasley,1610612748.0,Miami,Heat,MIA,4,201609,Goran Dragic,1610612748.0,Miami,Heat,MIA,0,0,,,,,,1
0021401007,354,6,2,3,9:18 PM,1:13,Beasley S.FOUL (P2.PN),,,,,4,201563,Michael Beasley,1610612748.0,Miami,Heat,MIA,5,200746,LaMarcus Aldridge,1610612757.0,Portland,Trail Blazers,POR,1,0,,,,,,1
0021401007,355,3,11,3,9:19 PM,1:13,,,Aldridge Free Throw 1 of 2 (26 PTS),78 - 76,-2,5,200746,LaMarcus Aldridge,1610612757.0,Portland,Trail Blazers,POR,0,0,,,,,,0,0,,,,,,0
0021401007,358,3,12,3,9:19 PM,1:13,,,MISS Aldridge Free Throw 2 of 2,,,5,200746,LaMarcus Aldridge,1610612757.0,Portland,Trail Blazers,POR,0,0,,,,,,0,0,,,,,,0
0021401007,360,4,0,3,9:19 PM,1:12,,,Kaman REBOUND (Off:3 Def:3),,,5,2549,Chris Kaman,1610612757.0,Portland,Trail Blazers,POR,0,0,,,,,,0,0,,,,,,1
0021401007,361,1,4,3,9:19 PM,1:11,,,Kaman 1' Tip Shot (6 PTS),80 - 76,-4,5,2549,Chris Kaman,1610612757.0,Portland,Trail Blazers,POR,0,0,,,,,,0,0,,,,,,1
0021401007,363,2,1,3,9:19 PM,0:55,MISS Deng 15' Jump Shot,,,,,4,2736,Luol Deng,1610612748.0,Miami,Heat,MIA,0,0,,,,,,0,0,,,,,,1
0021401007,364,4,0,3,9:20 PM,0:54,,,Aldridge REBOUND (Off:0 Def:10),,,5,200746,LaMarcus Aldridge,1610612757.0,Portland,Trail Blazers,POR,0,0,,,,,,0,0,,,,,,1
0021401007,365,6,2,3,9:20 PM,0:43,Chalmers S.FOUL (P4.PN),,,,,4,201596,Mario Chalmers,1610612748.0,Miami,Heat,MIA,5,2549,Chris Kaman,1610612757.0,Portland,Trail Blazers,POR,1,0,,,,,,1
0021401007,366,3,11,3,9:20 PM,0:43,,,MISS Kaman Free Throw 1 of 2,,,5,2549,Chris Kaman,1610612757.0,Portland,Trail Blazers,POR,0,0,,,,,,0,0,,,,,,0
0021401007,367,4,1,3,9:20 PM,0:43,,,Trail Blazers Rebound,,,3,1610612757,,,,,,0,0,,,,,,0,0,,,,,,0
0021401007,368,8,0,3,9:20 PM,0:43,SUB: Johnson FOR Chalmers,,,,,4,201596,Mario Chalmers,1610612748.0,Miami,Heat,MIA,4,204020,Tyler Johnson,1610612748.0,Miami,Heat,MIA,0,0,,,,,,0
0021401007,369,8,0,3,9:20 PM,0:43,SUB: Andersen FOR Whiteside,,,,,4,202355,Hassan Whiteside,1610612748.0,Miami,Heat,MIA,4,2365,Chris Andersen,1610612748.0,Miami,Heat,MIA,0,0,,,,,,0
0021401007,370,3,12,3,9:21 PM,0:43,,,Kaman Free Throw 2 of 2 (7 PTS),81 - 76,-5,5,2549,Chris Kaman,1610612757.0,Portland,Trail Blazers,POR,0,0,,,,,,0,0,,,,,,0
0021401007,372,2,63,3,9:21 PM,0:28,MISS Beasley 13' Fadeaway Jumper,,,,,4,201563,Michael Beasley,1610612748.0,Miami,Heat,MIA,0,0,,,,,,0,0,,,,,,1
0021401007,373,4,0,3,9:21 PM,0:27,,,Kaman REBOUND (Off:3 Def:4),,,5,2549,Chris Kaman,1610612757.0,Portland,Trail Blazers,POR,0,0,,,,,,0,0,,,,,,1
0021401007,374,5,40,3,9:21 PM,0:21,,,Blake Out of Bounds Lost Ball Turnover (P3.T13),,,5,2581,Steve Blake,1610612757.0,Portland,Trail Blazers,POR,0,0,,,,,,0,0,,,,,,1
0021401007,375,1,1,3,9:22 PM,0:00,Dragic 25' 3PT Jump Shot (17 PTS),,,81 - 79,-2,4,201609,Goran Dragic,1610612748.0,Miami,Heat,MIA,0,0,,,,,,0,0,,,,,,1
0021401007,376,2,1,3,9:22 PM,0:00,,,MISS Blake 75' 3PT Jump Shot,,,5,2581,Steve Blake,1610612757.0,Portland,Trail Blazers,POR,0,0,,,,,,0,0,,,,,,1
0021401007,377,4,0,3,9:22 PM,0:00,,,Trail Blazers Rebound,,,3,1610612757,,,,,,0,0,,,,,,0,0,,,,,,0
0021401007,378,13,0,3,9:22 PM,0:00,,End of 3rd Period (9:22 PM EST),,81 - 79,-2,0,0,,,,,,0,0,,,,,,0,0,,,,,,0
0021401007,380,12,0,4,9:25 PM,12:00,,Start of 4th Period (9:25 PM EST),,81 - 79,-2,0,0,,,,,,0,0,,,,,,0,0,,,,,,0
0021401007,381,1,1,4,9:25 PM,11:37,Deng 24' 3PT Jump Shot (22 PTS) (Dragic 11 AST),,,81 - 82,1,4,2736,Luol Deng,1610612748.0,Miami,Heat,MIA,4,201609,Goran Dragic,1610612748.0,Miami,Heat,MIA,0,0,,,,,,0
0021401007,382,5,1,4,9:25 PM,11:15,Johnson STEAL (1 STL),,Kaman Bad Pass Turnover (P1.T14),,,5,2549,Chris Kaman,1610612757.0,Portland,Trail Blazers,POR,4,204020,Tyler Johnson,1610612748.0,Miami,Heat,MIA,0,0,,,,,,0
0021401007,383,6,2,4,9:26 PM,11:09,,,McCollum S.FOUL (P2.T1),,,5,203468,CJ McCollum,1610612757.0,Portland,Trail Blazers,POR,4,201609,Goran Dragic,1610612748.0,Miami,Heat,MIA,1,0,,,,,,1
0021401007,384,3,11,4,9:26 PM,11:09,Dragic Free Throw 1 of 2 (18 PTS),,,81 - 83,2,4,201609,Goran Dragic,1610612748.0,Miami,Heat,MIA,0,0,,,,,,0,0,,,,,,0
0021401007,385,3,12,4,9:26 PM,11:09,MISS Dragic Free Throw 2 of 2,,,,,4,201609,Goran Dragic,1610612748.0,Miami,Heat,MIA,0,0,,,,,,0,0,,,,,,0
0021401007,387,4,0,4,9:26 PM,11:08,Beasley REBOUND (Off:1 Def:1),,,,,4,201563,Michael Beasley,1610612748.0,Miami,Heat,MIA,0,0,,,,,,0,0,,,,,,1
0021401007,388,1,1,4,9:26 PM,11:06,Beasley 13' Jump Shot (4 PTS),,,81 - 85,4,4,201563,Michael Beasley,1610612748.0,Miami,Heat,MIA,0,0,,,,,,0,0,,,,,,1
0021401007,389,1,80,4,9:27 PM,10:42,,,McCollum 20' Step Back Jump Shot (4 PTS) (Leonard 1 AST),83 - 85,2,5,203468,CJ McCollum,1610612757.0,Portland,Trail Blazers,POR,5,203086,Meyers Leonard,1610612757.0,Portland,Trail Blazers,POR,0,0,,,,,,1
0021401007,390,2,1,4,9:27 PM,10:15,MISS Dragic 27' 3PT Jump Shot,,,,,4,201609,Goran Dragic,1610612748.0,Miami,Heat,MIA,0,0,,,,,,0,0,,,,,,1
0021401007,391,4,0,4,9:27 PM,10:14,,,Kaman REBOUND (Off:3 Def:5),,,5,2549,Chris Kaman,1610612757.0,Portland,Trail Blazers,POR,0,0,,,,,,0,0,,,,,,1
0021401007,392,1,1,4,9:27 PM,9:57,,,Blake 25' 3PT Jump Shot (3 PTS) (Kaman 2 AST),86 - 85,-1,5,2581,Steve Blake,1610612757.0,Portland,Trail Blazers,POR,5,2549,Chris Kaman,1610612757.0,Portland,Trail Blazers,POR,0,0,,,,,,1
0021401007,393,2,42,4,9:28 PM,9:42,MISS Beasley 2' Driving Layup,,,,,4,201563,Michael Beasley,1610612748.0,Miami,Heat,MIA,0,0,,,,,,0,0,,,,,,1
0021401007,394,4,0,4,9:28 PM,9:41,,,Kaman REBOUND (Off:3 Def:6),,,5,2549,Chris Kaman,1610612757.0,Portland,Trail Blazers,POR,0,0,,,,,,0,0,,,,,,1
0021401007,395,7,5,4,9:28 PM,9:29,Dragic Violation:Kicked Ball,,,,,4,201609,Goran Dragic,1610612748.0,Miami,Heat,MIA,0,0,,,,,,1,0,,,,,,0
0021401007,396,8,0,4,9:28 PM,9:29,,,SUB: Lillard FOR McCollum,,,5,203468,CJ McCollum,1610612757.0,Portland,Trail Blazers,POR,5,203081,Damian Lillard,1610612757.0,Portland,Trail Blazers,POR,0,0,,,,,,0
0021401007,397,5,1,4,9:29 PM,9:19,Dragic STEAL (2 STL),,Blake Bad Pass Turnover (P4.T15),,,5,2581,Steve Blake,1610612757.0,Portland,Trail Blazers,POR,4,201609,Goran Dragic,1610612748.0,Miami,Heat,MIA,0,0,,,,,,1
0021401007,398,2,58,4,9:29 PM,9:11,MISS Johnson 6' Turnaround Hook Shot,,,,,4,204020,Tyler Johnson,1610612748.0,Miami,Heat,MIA,0,0,,,,,,0,0,,,,,,1
0021401007,399,4,0,4,9:29 PM,9:10,,,Lillard REBOUND (Off:0 Def:2),,,5,203081,Damian Lillard,1610612757.0,Portland,Trail Blazers,POR,0,0,,,,,,0,0,,,,,,1
0021401007,400,2,1,4,9:29 PM,9:02,,,MISS Wright  3PT Jump Shot,,,5,2748,Dorell Wright,1610612757.0,Portland,Trail Blazers,POR,0,0,,,,,,0,0,,,,,,1
0021401007,401,4,0,4,9:29 PM,9:01,,,Kaman REBOUND (Off:4 Def:6),,,5,2549,Chris Kaman,1610612757.0,Portland,Trail Blazers,POR,0,0,,,,,,0,0,,,,,,1
0021401007,402,1,1,4,9:29 PM,8:55,,,Kaman 2' Jump Shot (9 PTS),88 - 85,-3,5,2549,Chris Kaman,1610612757.0,Portland,Trail Blazers,POR,0,0,,,,,,0,0,,,,,,1
0021401007,403,9,1,4,9:29 PM,8:46,HEAT Timeout: Regular (Full 4 Short 0),,,,,2,1610612748,,,,,,0,0,,,,,,0,0,,,,,,0
0021401007,405,8,0,4,9:32 PM,8:46,,,SUB: Afflalo FOR Blake,,,5,2581,Steve Blake,1610612757.0,Portland,Trail Blazers,POR,5,201167,Arron Afflalo,1610612757.0,Portland,Trail Blazers,POR,0,0,,,,,,0
0021401007,407,1,42,4,9:32 PM,8:35,Beasley 3' Driving Layup (6 PTS),,,88 - 87,-1,4,201563,Michael Beasley,1610612748.0,Miami,Heat,MIA,0,0,,,,,,0,0,,,,,,1
0021401007,408,6,26,4,9:32 PM,8:19,,,Leonard Offensive Charge Foul (P1.T2),,,5,203086,Meyers Leonard,1610612757.0,Portland,Trail Blazers,POR,4,201563,Michael Beasley,1610612748.0,Miami,Heat,MIA,1,0,,,,,,1
0021401007,409,5,5,4,9:32 PM,8:19,,,Leonard Foul Turnover (P1.T16),,,5,203086,Meyers Leonard,1610612757.0,Portland,Trail Blazers,POR,0,0,,,,,,1,0,,,,,,1
0021401007,410,2,77,4,9:33 PM,8:07,MISS Dragic 6' Driving Jump Shot,,,,,4,201609,Goran Dragic,1610612748.0,Miami,Heat,MIA,0,0,,,,,,0,0,,,,,,1
0021401007,411,4,0,4,9:33 PM,8:06,,,Kaman REBOUND (Off:4 Def:7),,,5,2549,Chris Kaman,1610612757.0,Portland,Trail Blazers,POR,0,0,,,,,,0,0,,,,,,1
0021401007,412,2,1,4,9:33 PM,8:00,,,MISS Afflalo 25' 3PT Jump Shot,,,5,201167,Arron Afflalo,1610612757.0,Portland,Trail Blazers,POR,0,0,,,,,,0,0,,,,,,1
0021401007,413,4,0,4,9:33 PM,7:59,Deng REBOUND (Off:0 Def:2),,,,,4,2736,Luol Deng,1610612748.0,Miami,Heat,MIA,0,0,,,,,,0,0,,,,,,1
0021401007,414,1,1,4,9:33 PM,7:49,Deng 22' Jump Shot (24 PTS),,,88 - 89,1,4,2736,Luol Deng,1610612748.0,Miami,Heat,MIA,0,0,,,,,,0,0,,,,,,1
0021401007,416,2,1,4,9:33 PM,7:25,,,MISS Lillard 24' 3PT Jump Shot,,,5,203081,Damian Lillard,1610612757.0,Portland,Trail Blazers,POR,0,0,,,,,,0,0,,,,,,1
0021401007,417,4,0,4,9:34 PM,7:24,,,Kaman REBOUND (Off:5 Def:7),,,5,2549,Chris Kaman,1610612757.0,Portland,Trail Blazers,POR,0,0,,,,,,0,0,,,,,,1
0021401007,418,2,1,4,9:34 PM,7:20,,,MISS Lillard 25' 3PT Jump Shot,,,5,203081,Damian Lillard,1610612757.0,Portland,Trail Blazers,POR,0,0,,,,,,0,0,,,,,,1
0021401007,419,4,0,4,9:34 PM,7:19,,,Kaman REBOUND (Off:6 Def:7),,,5,2549,Chris Kaman,1610612757.0,Portland,Trail Blazers,POR,0,0,,,,,,0,0,,,,,,1
0021401007,420,2,1,4,9:34 PM,7:06,,,MISS Wright 25' 3PT Jump Shot,,,5,2748,Dorell Wright,1610612757.0,Portland,Trail Blazers,POR,0,0,,,,,,0,0,,,,,,1
0021401007,421,4,0,4,9:34 PM,7:05,Johnson REBOUND (Off:0 Def:3),,,,,4,204020,Tyler Johnson,1610612748.0,Miami,Heat,MIA,0,0,,,,,,0,0,,,,,,1
0021401007,422,1,5,4,9:34 PM,7:02,Dragic 1' Layup (20 PTS) (Johnson 1 AST),,,88 - 91,3,4,201609,Goran Dragic,1610612748.0,Miami,Heat,MIA,4,204020,Tyler Johnson,1610612748.0,Miami,Heat,MIA,0,0,,,,,,1
0021401007,423,9,1,4,9:34 PM,6:59,,,Trail Blazers Timeout: Regular (Reg.4 Short 1),,,3,1610612757,,,,,,0,0,,,,,,0,0,,,,,,0
0021401007,425,18,0,4,9:36 PM,6:59,,Support Ruling,,,,0,414,,,,,,0,0,,,,,,1,0,,,,,,0
0021401007,426,8,0,4,9:38 PM,6:59,,,SUB: Aldridge FOR Wright,,,5,2748,Dorell Wright,1610612757.0,Portland,Trail Blazers,POR,5,200746,LaMarcus Aldridge,1610612757.0,Portland,Trail Blazers,POR,0,0,,,,,,0
0021401007,427,8,0,4,9:38 PM,6:59,,,SUB: Batum FOR Kaman,,,5,2549,Chris Kaman,1610612757.0,Portland,Trail Blazers,POR,5,201587,Nicolas Batum,1610612757.0,Portland,Trail Blazers,POR,0,0,,,,,,0
0021401007,428,8,0,4,9:38 PM,6:59,,,SUB: Lopez FOR Leonard,,,5,203086,Meyers Leonard,1610612757.0,Portland,Trail Blazers,POR,5,201577,Robin Lopez,1610612757.0,Portland,Trail Blazers,POR,0,0,,,,,,0
0021401007,429,8,0,4,9:38 PM,6:59,SUB: Wade FOR Johnson,,,,,4,204020,Tyler Johnson,1610612748.0,Miami,Heat,MIA,4,2548,Dwyane Wade,1610612748.0,Miami,Heat,MIA,0,0,,,,,,0
0021401007,431,2,49,4,9:38 PM,6:39,Andersen BLOCK (1 BLK),,MISS Lopez  Driving Dunk,,,5,201577,Robin Lopez,1610612757.0,Portland,Trail Blazers,POR,0,0,,,,,,4,2365,Chris Andersen,1610612748.0,Miami,Heat,MIA,1
0021401007,432,4,0,4,9:39 PM,6:37,,,Trail Blazers Rebound,,,3,1610612757,,,,,,0,0,,,,,,0,0,,,,,,0
0021401007,433,6,3,4,9:39 PM,6:37,Beasley L.B.FOUL (P3.T1),,,,,4,201563,Michael Beasley,1610612748.0,Miami,Heat,MIA,5,200746,LaMarcus Aldridge,1610612757.0,Portland,Trail Blazers,POR,1,0,,,,,,1
0021401007,434,2,1,4,9:39 PM,6:21,,,MISS Aldridge 20' Jump Shot,,,5,200746,LaMarcus Aldridge,1610612757.0,Portland,Trail Blazers,POR,0,0,,,,,,0,0,,,,,,1
0021401007,435,4,0,4,9:39 PM,6:20,Deng REBOUND (Off:0 Def:3),,,,,4,2736,Luol Deng,1610612748.0,Miami,Heat,MIA,0,0,,,,,,0,0,,,,,,1
0021401007,436,1,82,4,9:39 PM,6:15,Wade 14' Driving Bank Shot (19 PTS),,,88 - 93,5,4,2548,Dwyane Wade,1610612748.0,Miami,Heat,MIA,0,0,,,,,,0,0,,,,,,1
0021401007,437,6,2,4,9:39 PM,6:15,,,Lopez S.FOUL (P2.T3),,,5,201577,Robin Lopez,1610612757.0,Portland,Trail Blazers,POR,4,2548,Dwyane Wade,1610612748.0,Miami,Heat,MIA,1,0,,,,,,1
0021401007,438,3,10,4,9:40 PM,6:15,Wade Free Throw 1 of 1 (20 PTS),,,88 - 94,6,4,2548,Dwyane Wade,1610612748.0,Miami,Heat,MIA,0,0,,,,,,0,0,,,,,,0
0021401007,440,2,1,4,9:40 PM,5:50,,,MISS Afflalo 19' Jump Shot,,,5,201167,Arron Afflalo,1610612757.0,Portland,Trail Blazers,POR,0,0,,,,,,0,0,,,,,,1
0021401007,441,4,0,4,9:40 PM,5:49,Deng REBOUND (Off:0 Def:4),,,,,4,2736,Luol Deng,1610612748.0,Miami,Heat,MIA,0,0,,,,,,0,0,,,,,,1
0021401007,443,6,2,4,9:41 PM,5:40,,,Afflalo S.FOUL (P2.T4),,,5,201167,Arron Afflalo,1610612757.0,Portland,Trail Blazers,POR,4,2548,Dwyane Wade,1610612748.0,Miami,Heat,MIA,1,0,,,,,,1
0021401007,444,3,11,4,9:41 PM,5:40,Wade Free Throw 1 of 2 (21 PTS),,,88 - 95,7,4,2548,Dwyane Wade,1610612748.0,Miami,Heat,MIA,0,0,,,,,,0,0,,,,,,0
0021401007,446,3,12,4,9:41 PM,5:40,Wade Free Throw 2 of 2 (22 PTS),,,88 - 96,8,4,2548,Dwyane Wade,1610612748.0,Miami,Heat,MIA,0,0,,,,,,0,0,,,,,,0
0021401007,448,1,1,4,9:42 PM,5:25,,,Aldridge 9' Jump Shot (28 PTS),90 - 96,6,5,200746,LaMarcus Aldridge,1610612757.0,Portland,Trail Blazers,POR,0,0,,,,,,0,0,,,,,,1
0021401007,449,6,2,4,9:42 PM,5:25,Andersen S.FOUL (P2.T2),,,,,4,2365,Chris Andersen,1610612748.0,Miami,Heat,MIA,5,200746,LaMarcus Aldridge,1610612757.0,Portland,Trail Blazers,POR,1,0,,,,,,1
0021401007,450,3,10,4,9:42 PM,5:25,,,MISS Aldridge Free Throw 1 of 1,,,5,200746,LaMarcus Aldridge,1610612757.0,Portland,Trail Blazers,POR,0,0,,,,,,0,0,,,,,,0
0021401007,452,4,0,4,9:42 PM,5:24,Andersen REBOUND (Off:0 Def:2),,,,,4,2365,Chris Andersen,1610612748.0,Miami,Heat,MIA,0,0,,,,,,0,0,,,,,,1
0021401007,453,2,63,4,9:42 PM,5:03,MISS Wade 14' Fadeaway Jumper,,,,,4,2548,Dwyane Wade,1610612748.0,Miami,Heat,MIA,0,0,,,,,,0,0,,,,,,1
0021401007,454,4,0,4,9:42 PM,5:02,,,Batum REBOUND (Off:0 Def:2),,,5,201587,Nicolas Batum,1610612757.0,Portland,Trail Blazers,POR,0,0,,,,,,0,0,,,,,,1
0021401007,455,1,80,4,9:43 PM,4:49,,,Aldridge 13' Step Back Jump Shot (30 PTS),92 - 96,4,5,200746,LaMarcus Aldridge,1610612757.0,Portland,Trail Blazers,POR,0,0,,,,,,0,0,,,,,,1
0021401007,456,2,1,4,9:43 PM,4:28,MISS Dragic 13' Jump Shot,,,,,4,201609,Goran Dragic,1610612748.0,Miami,Heat,MIA,0,0,,,,,,0,0,,,,,,1
0021401007,457,4,0,4,9:43 PM,4:27,,,Batum REBOUND (Off:0 Def:3),,,5,201587,Nicolas Batum,1610612757.0,Portland,Trail Blazers,POR,0,0,,,,,,0,0,,,,,,1
0021401007,458,2,1,4,9:43 PM,4:12,,,MISS Aldridge 16' Jump Shot,,,5,200746,LaMarcus Aldridge,1610612757.0,Portland,Trail Blazers,POR,0,0,,,,,,0,0,,,,,,1
0021401007,459,4,0,4,9:43 PM,4:11,Andersen REBOUND (Off:0 Def:3),,,,,4,2365,Chris Andersen,1610612748.0,Miami,Heat,MIA,0,0,,,,,,0,0,,,,,,1
0021401007,460,9,2,4,9:43 PM,4:07,HEAT Timeout: Short (Full 4 Short 1),,,,,2,1610612748,,,,,,0,0,,,,,,0,0,,,,,,0
0021401007,463,8,0,4,9:45 PM,4:07,SUB: Whiteside FOR Beasley,,,,,4,201563,Michael Beasley,1610612748.0,Miami,Heat,MIA,4,202355,Hassan Whiteside,1610612748.0,Miami,Heat,MIA,0,0,,,,,,0
0021401007,464,8,0,4,9:45 PM,4:07,SUB: Haslem FOR Andersen,,,,,4,2365,Chris Andersen,1610612748.0,Miami,Heat,MIA,4,2617,Udonis Haslem,1610612748.0,Miami,Heat,MIA,0,0,,,,,,0
0021401007,465,2,66,4,9:45 PM,3:54,MISS Wade 10' Jump Bank Shot,,,,,4,2548,Dwyane Wade,1610612748.0,Miami,Heat,MIA,0,0,,,,,,0,0,,,,,,1
0021401007,466,4,0,4,9:45 PM,3:53,Whiteside REBOUND (Off:5 Def:4),,,,,4,202355,Hassan Whiteside,1610612748.0,Miami,Heat,MIA,0,0,,,,,,0,0,,,,,,1
0021401007,467,1,77,4,9:45 PM,3:39,Wade 6' Driving Jump Shot (24 PTS),,,92 - 98,6,4,2548,Dwyane Wade,1610612748.0,Miami,Heat,MIA,0,0,,,,,,0,0,,,,,,1
0021401007,468,1,1,4,9:46 PM,3:25,,,Batum 24' 3PT Jump Shot (8 PTS) (Afflalo 1 AST),95 - 98,3,5,201587,Nicolas Batum,1610612757.0,Portland,Trail Blazers,POR,5,201167,Arron Afflalo,1610612757.0,Portland,Trail Blazers,POR,0,0,,,,,,1
0021401007,469,1,3,4,9:46 PM,2:58,Whiteside 4' Hook Shot (12 PTS),,,95 - 100,5,4,202355,Hassan Whiteside,1610612748.0,Miami,Heat,MIA,0,0,,,,,,0,0,,,,,,1
0021401007,470,6,2,4,9:46 PM,2:58,,,Aldridge S.FOUL (P2.PN),,,5,200746,LaMarcus Aldridge,1610612757.0,Portland,Trail Blazers,POR,4,202355,Hassan Whiteside,1610612748.0,Miami,Heat,MIA,1,0,,,,,,1
0021401007,471,9,4,4,9:47 PM,2:58,,Timeout: Official,,,,1,0,,,,,,0,0,,,,,,0,0,,,,,,0
0021401007,475,3,10,4,9:48 PM,2:58,MISS Whiteside Free Throw 1 of 1,,,,,4,202355,Hassan Whiteside,1610612748.0,Miami,Heat,MIA,0,0,,,,,,0,0,,,,,,0
0021401007,477,4,0,4,9:49 PM,2:57,,,Batum REBOUND (Off:0 Def:4),,,5,201587,Nicolas Batum,1610612757.0,Portland,Trail Blazers,POR,0,0,,,,,,0,0,,,,,,1
0021401007,478,1,80,4,9:49 PM,2:42,,,Lillard 19' Step Back Jump Shot (17 PTS),97 - 100,3,5,203081,Damian Lillard,1610612757.0,Portland,Trail Blazers,POR,0,0,,,,,,0,0,,,,,,1
0021401007,479,1,79,4,9:49 PM,2:26,Wade 16' Pullup Jump Shot (26 PTS),,,97 - 102,5,4,2548,Dwyane Wade,1610612748.0,Miami,Heat,MIA,0,0,,,,,,0,0,,,,,,1
0021401007,480,1,1,4,9:49 PM,2:12,,,Afflalo 24' 3PT Jump Shot (15 PTS),100 - 102,2,5,201167,Arron Afflalo,1610612757.0,Portland,Trail Blazers,POR,0,0,,,,,,0,0,,,,,,1
0021401007,481,2,1,4,9:50 PM,1:50,MISS Wade 25' 3PT Jump Shot,,,,,4,2548,Dwyane Wade,1610612748.0,Miami,Heat,MIA,0,0,,,,,,0,0,,,,,,1
0021401007,482,4,0,4,9:50 PM,1:49,,,Lillard REBOUND (Off:0 Def:3),,,5,203081,Damian Lillard,1610612757.0,Portland,Trail Blazers,POR,0,0,,,,,,0,0,,,,,,1
0021401007,483,1,1,4,9:50 PM,1:35,,,Aldridge 8' Jump Shot (32 PTS),102 - 102,TIE,5,200746,LaMarcus Aldridge,1610612757.0,Portland,Trail Blazers,POR,0,0,,,,,,0,0,,,,,,1
0021401007,484,2,1,4,9:50 PM,1:16,MISS Dragic 12' Jump Shot,,,,,4,201609,Goran Dragic,1610612748.0,Miami,Heat,MIA,0,0,,,,,,0,0,,,,,,1
0021401007,485,4,0,4,9:50 PM,1:15,,,Aldridge REBOUND (Off:0 Def:11),,,5,200746,LaMarcus Aldridge,1610612757.0,Portland,Trail Blazers,POR,0,0,,,,,,0,0,,,,,,1
0021401007,486,2,1,4,9:51 PM,0:58,,,MISS Afflalo 24' 3PT Jump Shot,,,5,201167,Arron Afflalo,1610612757.0,Portland,Trail Blazers,POR,0,0,,,,,,0,0,,,,,,1
0021401007,487,4,0,4,9:51 PM,0:57,,,Lopez REBOUND (Off:5 Def:1),,,5,201577,Robin Lopez,1610612757.0,Portland,Trail Blazers,POR,0,0,,,,,,0,0,,,,,,1
0021401007,488,2,5,4,9:51 PM,0:55,Whiteside BLOCK (6 BLK),,MISS Lopez 1' Layup,,,5,201577,Robin Lopez,1610612757.0,Portland,Trail Blazers,POR,0,0,,,,,,4,202355,Hassan Whiteside,1610612748.0,Miami,Heat,MIA,1
0021401007,489,4,0,4,9:51 PM,0:54,,,Aldridge REBOUND (Off:1 Def:11),,,5,200746,LaMarcus Aldridge,1610612757.0,Portland,Trail Blazers,POR,0,0,,,,,,0,0,,,,,,1
0021401007,490,1,1,4,9:51 PM,0:52,,,Aldridge 2' Jump Shot (34 PTS),104 - 102,-2,5,200746,LaMarcus Aldridge,1610612757.0,Portland,Trail Blazers,POR,0,0,,,,,,0,0,,,,,,1
0021401007,491,9,1,4,9:51 PM,0:52,HEAT Timeout: Regular (Full 5 Short 1),,,,,2,1610612748,,,,,,0,0,,,,,,0,0,,,,,,0
0021401007,495,1,1,4,9:53 PM,0:41,Wade 12' Jump Shot (28 PTS),,,104 - 104,TIE,4,2548,Dwyane Wade,1610612748.0,Miami,Heat,MIA,0,0,,,,,,0,0,,,,,,1
0021401007,496,9,1,4,9:53 PM,0:41,,,Trail Blazers Timeout: Regular (Reg.5 Short 1),,,3,1610612757,,,,,,0,0,,,,,,0,0,,,,,,0
0021401007,499,2,1,4,9:55 PM,0:34,,,MISS Aldridge 11' Jump Shot,,,5,200746,LaMarcus Aldridge,1610612757.0,Portland,Trail Blazers,POR,0,0,,,,,,0,0,,,,,,1
0021401007,500,4,0,4,9:55 PM,0:33,Whiteside REBOUND (Off:5 Def:5),,,,,4,202355,Hassan Whiteside,1610612748.0,Miami,Heat,MIA,0,0,,,,,,0,0,,,,,,1
0021401007,501,1,63,4,9:56 PM,0:13,Wade 15' Fadeaway Jumper (30 PTS),,,104 - 106,2,4,2548,Dwyane Wade,1610612748.0,Miami,Heat,MIA,0,0,,,,,,0,0,,,,,,1
0021401007,502,9,2,4,9:56 PM,0:13,,,Trail Blazers Timeout: Short (Reg.5 Short 2),,,3,1610612757,,,,,,0,0,,,,,,0,0,,,,,,0
0021401007,504,8,0,4,9:56 PM,0:13,,,SUB: McCollum FOR Lopez,,,5,201577,Robin Lopez,1610612757.0,Portland,Trail Blazers,POR,5,203468,CJ McCollum,1610612757.0,Portland,Trail Blazers,POR,0,0,,,,,,0
0021401007,506,8,0,4,9:57 PM,0:13,SUB: Chalmers FOR Whiteside,,,,,4,202355,Hassan Whiteside,1610612748.0,Miami,Heat,MIA,4,201596,Mario Chalmers,1610612748.0,Miami,Heat,MIA,0,0,,,,,,0
0021401007,507,9,2,4,9:57 PM,0:13,,,Trail Blazers Timeout: Short (Reg.5 Short 3),,,3,1610612757,,,,,,0,0,,,,,,0,0,,,,,,0
0021401007,511,5,13,4,9:58 PM,0:11,,,Trail Blazers Turnover: Backcourt (T#17),,,3,1610612757,,,,,,0,0,,,,,,1,0,,,,,,0
0021401007,512,6,1,4,9:59 PM,0:09,,,McCollum P.FOUL (P3.PN),,,5,203468,CJ McCollum,1610612757.0,Portland,Trail Blazers,POR,4,2548,Dwyane Wade,1610612748.0,Miami,Heat,MIA,1,0,,,,,,1
0021401007,513,3,11,4,9:59 PM,0:09,Wade Free Throw 1 of 2 (31 PTS),,,104 - 107,3,4,2548,Dwyane Wade,1610612748.0,Miami,Heat,MIA,0,0,,,,,,0,0,,,,,,1
0021401007,515,3,12,4,10:00 PM,0:09,Wade Free Throw 2 of 2 (32 PTS),,,104 - 108,4,4,2548,Dwyane Wade,1610612748.0,Miami,Heat,MIA,0,0,,,,,,0,0,,,,,,0
0021401007,517,2,1,4,10:00 PM,0:02,,,MISS Lillard 25' 3PT Jump Shot,,,5,203081,Damian Lillard,1610612757.0,Portland,Trail Blazers,POR,0,0,,,,,,0,0,,,,,,1
0021401007,518,4,0,4,10:00 PM,0:01,Wade REBOUND (Off:1 Def:3),,,,,4,2548,Dwyane Wade,1610612748.0,Miami,Heat,MIA,0,0,,,,,,0,0,,,,,,1
0021401007,519,13,0,4,10:01 PM,0:00,,End of 4th Period (10:01 PM EST),,104 - 108,4,0,0,,,,,,0,0,,,,,,0,0,,,,,,0
