GAME_ID,EVENTNUM,EVENTMSGTYPE,EVENTMSGACTIONTYPE,PERIOD,WCTIMESTRING,PCTIMESTRING,HOMEDESCRIPTION,NEUTRALDESCRIPTION,VISITORDESCRIPTION,SCORE,SCOREMARGIN,PERSON1TYPE,PLAYER1_ID,PLAYER1_NAME,PLAYER1_TEAM_ID,PLAYER1_TEAM_CITY,PLAYER1_TEAM_NICKNAME,PLAYER1_TEAM_ABBREVIATION,PERSON2TYPE,PLAYER2_ID,PLAYER2_NAME,PLAYER2_TEAM_ID,PLAYER2_TEAM_CITY,PLAYER2_TEAM_NICKNAME,PLAYER2_TEAM_ABBREVIATION,PERSON3TYPE,PLAYER3_ID,PLAYER3_NAME,PLAYER3_TEAM_ID,PLAYER3_TEAM_CITY,PLAYER3_TEAM_NICKNAME,PLAYER3_TEAM_ABBREVIATION,VIDEO_AVAILABLE_FLAG
0021401138,0,12,0,1,7:42 PM,12:00,,Start of 1st Period (7:42 PM EST),,,,0,0,,,,,,0,0,,,,,,0,0,,,,,,0
0021401138,1,10,0,1,7:42 PM,12:00,Jump Ball Horford vs. Lopez: Tip to D. Williams,,,,,4,201143,Al Horford,1610612737.0,Atlanta,Hawks,ATL,5,201572,Brook Lopez,1610612751.0,Brooklyn,Nets,BKN,5,101114,Deron Williams,1610612751.0,Brooklyn,Nets,BKN,1
0021401138,2,2,77,1,7:42 PM,11:41,,,MISS Young 9' Driving Jump Shot,,,5,201152,Thaddeus Young,1610612751.0,Brooklyn,Nets,BKN,0,0,,,,,,0,0,,,,,,1
0021401138,4,4,0,1,7:42 PM,11:39,,,Young REBOUND (Off:1 Def:0),,,5,201152,Thaddeus Young,1610612751.0,Brooklyn,Nets,BKN,0,0,,,,,,0,0,,,,,,1
0021401138,3,2,4,1,7:42 PM,11:39,,,MISS Young  Tip Shot,,,5,201152,Thaddeus Young,1610612751.0,Brooklyn,Nets,BKN,0,0,,,,,,0,0,,,,,,1
0021401138,5,4,0,1,7:42 PM,11:38,Korver REBOUND (Off:0 Def:1),,,,,4,2594,Kyle Korver,1610612737.0,Atlanta,Hawks,ATL,0,0,,,,,,0,0,,,,,,1
0021401138,6,1,1,1,7:43 PM,11:16,Horford 16' Jump Shot (2 PTS) (Carroll 1 AST),,,0 - 2,2,4,201143,Al Horford,1610612737.0,Atlanta,Hawks,ATL,4,201960,DeMarre Carroll,1610612737.0,Atlanta,Hawks,ATL,0,0,,,,,,1
0021401138,7,5,1,1,7:43 PM,10:55,Horford STEAL (1 STL),,D. Williams Bad Pass Turnover (P1.T1),,,5,101114,Deron Williams,1610612751.0,Brooklyn,Nets,BKN,4,201143,Al Horford,1610612737.0,Atlanta,Hawks,ATL,0,0,,,,,,1
0021401138,8,1,46,1,7:43 PM,10:49,Horford 4' Running Jump Shot (4 PTS) (Teague 1 AST),,,0 - 4,4,4,201143,Al Horford,1610612737.0,Atlanta,Hawks,ATL,4,201952,Jeff Teague,1610612737.0,Atlanta,Hawks,ATL,0,0,,,,,,1
0021401138,9,5,1,1,7:43 PM,10:33,Carroll STEAL (1 STL),,Brown Bad Pass Turnover (P1.T2),,,5,203900,Markel Brown,1610612751.0,Brooklyn,Nets,BKN,4,201960,DeMarre Carroll,1610612737.0,Atlanta,Hawks,ATL,0,0,,,,,,1
0021401138,10,2,47,1,7:43 PM,10:19,MISS Millsap 17' Turnaround Jump Shot,,,,,4,200794,Paul Millsap,1610612737.0,Atlanta,Hawks,ATL,0,0,,,,,,0,0,,,,,,1
0021401138,11,4,0,1,7:44 PM,10:17,,,Johnson REBOUND (Off:0 Def:1),,,5,2207,Joe Johnson,1610612751.0,Brooklyn,Nets,BKN,0,0,,,,,,0,0,,,,,,1
0021401138,12,5,40,1,7:44 PM,10:11,,,Johnson Out of Bounds Lost Ball Turnover (P1.T3),,,5,2207,Joe Johnson,1610612751.0,Brooklyn,Nets,BKN,0,0,,,,,,0,0,,,,,,1
0021401138,14,6,2,1,7:44 PM,9:57,,,Johnson S.FOUL (P1.T1),,,5,2207,Joe Johnson,1610612751.0,Brooklyn,Nets,BKN,4,201960,DeMarre Carroll,1610612737.0,Atlanta,Hawks,ATL,1,0,,,,,,1
0021401138,15,3,11,1,7:44 PM,9:57,Carroll Free Throw 1 of 2 (1 PTS),,,0 - 5,5,4,201960,DeMarre Carroll,1610612737.0,Atlanta,Hawks,ATL,0,0,,,,,,0,0,,,,,,0
0021401138,18,3,12,1,7:45 PM,9:57,Carroll Free Throw 2 of 2 (2 PTS),,,0 - 6,6,4,201960,DeMarre Carroll,1610612737.0,Atlanta,Hawks,ATL,0,0,,,,,,0,0,,,,,,0
0021401138,20,1,1,1,7:45 PM,9:46,,,Lopez 8' Jump Shot (2 PTS) (D. Williams 1 AST),2 - 6,4,5,201572,Brook Lopez,1610612751.0,Brooklyn,Nets,BKN,5,101114,Deron Williams,1610612751.0,Brooklyn,Nets,BKN,0,0,,,,,,1
0021401138,21,5,4,1,7:45 PM,9:37,Teague Traveling Turnover (P1.T1),,,,,4,201952,Jeff Teague,1610612737.0,Atlanta,Hawks,ATL,0,0,,,,,,1,0,,,,,,1
0021401138,22,2,1,1,7:45 PM,9:23,,,MISS Brown  3PT Jump Shot,,,5,203900,Markel Brown,1610612751.0,Brooklyn,Nets,BKN,0,0,,,,,,0,0,,,,,,1
0021401138,23,4,0,1,7:45 PM,9:22,Carroll REBOUND (Off:0 Def:1),,,,,4,201960,DeMarre Carroll,1610612737.0,Atlanta,Hawks,ATL,0,0,,,,,,0,0,,,,,,1
0021401138,24,1,5,1,7:46 PM,9:03,Horford 1' Layup (6 PTS) (Teague 2 AST),,,2 - 8,6,4,201143,Al Horford,1610612737.0,Atlanta,Hawks,ATL,4,201952,Jeff Teague,1610612737.0,Atlanta,Hawks,ATL,0,0,,,,,,1
0021401138,26,5,2,1,7:46 PM,8:45,Millsap STEAL (1 STL),,Lopez Lost Ball Turnover (P1.T4),,,5,201572,Brook Lopez,1610612751.0,Brooklyn,Nets,BKN,4,200794,Paul Millsap,1610612737.0,Atlanta,Hawks,ATL,0,0,,,,,,1
0021401138,27,1,41,1,7:46 PM,8:38,Horford 2' Running Layup (8 PTS),,,2 - 10,8,4,201143,Al Horford,1610612737.0,Atlanta,Hawks,ATL,0,0,,,,,,0,0,,,,,,1
0021401138,28,9,1,1,7:46 PM,8:36,,,Nets Timeout: Regular (Reg.1 Short 0),,,3,1610612751,,,,,,0,0,,,,,,0,0,,,,,,0
0021401138,30,1,1,1,7:49 PM,8:25,,,D. Williams 24' 3PT Jump Shot (3 PTS) (Johnson 1 AST),5 - 10,5,5,101114,Deron Williams,1610612751.0,Brooklyn,Nets,BKN,5,2207,Joe Johnson,1610612751.0,Brooklyn,Nets,BKN,0,0,,,,,,1
0021401138,31,2,1,1,7:49 PM,8:10,MISS Millsap 25' 3PT Jump Shot,,,,,4,200794,Paul Millsap,1610612737.0,Atlanta,Hawks,ATL,0,0,,,,,,0,0,,,,,,1
0021401138,32,4,0,1,7:49 PM,8:09,,,Johnson REBOUND (Off:0 Def:2),,,5,2207,Joe Johnson,1610612751.0,Brooklyn,Nets,BKN,0,0,,,,,,0,0,,,,,,1
0021401138,33,9,2,1,7:49 PM,8:02,,,Nets Timeout: Short (Reg.1 Short 1),,,3,1610612751,,,,,,0,0,,,,,,0,0,,,,,,0
0021401138,34,6,1,1,7:50 PM,7:55,Millsap P.FOUL (P1.T1),,,,,4,200794,Paul Millsap,1610612737.0,Atlanta,Hawks,ATL,5,203900,Markel Brown,1610612751.0,Brooklyn,Nets,BKN,1,0,,,,,,1
0021401138,35,2,1,1,7:51 PM,7:47,,,MISS Lopez 13' Jump Shot,,,5,201572,Brook Lopez,1610612751.0,Brooklyn,Nets,BKN,0,0,,,,,,0,0,,,,,,1
0021401138,37,4,0,1,7:51 PM,7:46,,,Young REBOUND (Off:2 Def:0),,,5,201152,Thaddeus Young,1610612751.0,Brooklyn,Nets,BKN,0,0,,,,,,0,0,,,,,,1
0021401138,36,2,4,1,7:51 PM,7:46,,,MISS Young 1' Tip Shot,,,5,201152,Thaddeus Young,1610612751.0,Brooklyn,Nets,BKN,0,0,,,,,,0,0,,,,,,1
0021401138,38,4,0,1,7:51 PM,7:44,Carroll REBOUND (Off:0 Def:2),,,,,4,201960,DeMarre Carroll,1610612737.0,Atlanta,Hawks,ATL,0,0,,,,,,0,0,,,,,,1
0021401138,39,2,1,1,7:51 PM,7:23,MISS Millsap 15' Jump Shot,,,,,4,200794,Paul Millsap,1610612737.0,Atlanta,Hawks,ATL,0,0,,,,,,0,0,,,,,,1
0021401138,40,4,0,1,7:51 PM,7:22,,,Lopez REBOUND (Off:0 Def:1),,,5,201572,Brook Lopez,1610612751.0,Brooklyn,Nets,BKN,0,0,,,,,,0,0,,,,,,1
0021401138,41,2,1,1,7:52 PM,7:08,,,MISS Johnson 20' Jump Shot,,,5,2207,Joe Johnson,1610612751.0,Brooklyn,Nets,BKN,0,0,,,,,,0,0,,,,,,1
0021401138,42,4,0,1,7:52 PM,7:07,Teague REBOUND (Off:0 Def:1),,,,,4,201952,Jeff Teague,1610612737.0,Atlanta,Hawks,ATL,0,0,,,,,,0,0,,,,,,1
0021401138,43,2,73,1,7:52 PM,6:53,MISS Millsap 2' Driving Reverse Layup,,,,,4,200794,Paul Millsap,1610612737.0,Atlanta,Hawks,ATL,0,0,,,,,,0,0,,,,,,1
0021401138,44,4,0,1,7:52 PM,6:51,,,Young REBOUND (Off:2 Def:1),,,5,201152,Thaddeus Young,1610612751.0,Brooklyn,Nets,BKN,0,0,,,,,,0,0,,,,,,1
0021401138,47,6,2,1,7:52 PM,6:41,Horford S.FOUL (P1.T2),,,,,4,201143,Al Horford,1610612737.0,Atlanta,Hawks,ATL,5,201572,Brook Lopez,1610612751.0,Brooklyn,Nets,BKN,1,0,,,,,,1
0021401138,48,3,11,1,7:53 PM,6:41,,,MISS Lopez Free Throw 1 of 2,,,5,201572,Brook Lopez,1610612751.0,Brooklyn,Nets,BKN,0,0,,,,,,0,0,,,,,,0
0021401138,49,4,1,1,7:53 PM,6:41,,,Nets Rebound,,,3,1610612751,,,,,,0,0,,,,,,0,0,,,,,,0
0021401138,50,3,12,1,7:53 PM,6:41,,,Lopez Free Throw 2 of 2 (3 PTS),6 - 10,4,5,201572,Brook Lopez,1610612751.0,Brooklyn,Nets,BKN,0,0,,,,,,0,0,,,,,,0
0021401138,52,2,1,1,7:53 PM,6:23,MISS Teague 24' 3PT Jump Shot,,,,,4,201952,Jeff Teague,1610612737.0,Atlanta,Hawks,ATL,0,0,,,,,,0,0,,,,,,1
0021401138,53,4,0,1,7:53 PM,6:21,,,D. Williams REBOUND (Off:0 Def:1),,,5,101114,Deron Williams,1610612751.0,Brooklyn,Nets,BKN,0,0,,,,,,0,0,,,,,,1
0021401138,54,2,41,1,7:54 PM,6:15,Horford BLOCK (1 BLK),,MISS Young 2' Running Layup,,,5,201152,Thaddeus Young,1610612751.0,Brooklyn,Nets,BKN,0,0,,,,,,4,201143,Al Horford,1610612737.0,Atlanta,Hawks,ATL,1
0021401138,56,4,0,1,7:54 PM,6:14,,,Lopez REBOUND (Off:1 Def:1),,,5,201572,Brook Lopez,1610612751.0,Brooklyn,Nets,BKN,0,0,,,,,,0,0,,,,,,1
0021401138,55,1,72,1,7:54 PM,6:14,,,Lopez  Putback Layup (5 PTS),8 - 10,2,5,201572,Brook Lopez,1610612751.0,Brooklyn,Nets,BKN,0,0,,,,,,0,0,,,,,,1
0021401138,57,2,47,1,7:54 PM,5:46,MISS Horford 12' Turnaround Jump Shot,,,,,4,201143,Al Horford,1610612737.0,Atlanta,Hawks,ATL,0,0,,,,,,0,0,,,,,,1
0021401138,58,4,0,1,7:54 PM,5:45,Millsap REBOUND (Off:1 Def:0),,,,,4,200794,Paul Millsap,1610612737.0,Atlanta,Hawks,ATL,0,0,,,,,,0,0,,,,,,1
0021401138,59,1,1,1,7:54 PM,5:41,Korver 25' 3PT Jump Shot (3 PTS) (Millsap 1 AST),,,8 - 13,5,4,2594,Kyle Korver,1610612737.0,Atlanta,Hawks,ATL,4,200794,Paul Millsap,1610612737.0,Atlanta,Hawks,ATL,0,0,,,,,,1
0021401138,60,2,1,1,7:54 PM,5:28,,,MISS Lopez 20' Jump Shot,,,5,201572,Brook Lopez,1610612751.0,Brooklyn,Nets,BKN,0,0,,,,,,0,0,,,,,,1
0021401138,61,4,0,1,7:54 PM,5:27,Millsap REBOUND (Off:1 Def:1),,,,,4,200794,Paul Millsap,1610612737.0,Atlanta,Hawks,ATL,0,0,,,,,,0,0,,,,,,1
0021401138,63,6,2,1,7:54 PM,5:22,,,Johnson S.FOUL (P2.T2),,,5,2207,Joe Johnson,1610612751.0,Brooklyn,Nets,BKN,4,201960,DeMarre Carroll,1610612737.0,Atlanta,Hawks,ATL,1,0,,,,,,1
0021401138,64,3,11,1,7:55 PM,5:22,MISS Carroll Free Throw 1 of 2,,,,,4,201960,DeMarre Carroll,1610612737.0,Atlanta,Hawks,ATL,0,0,,,,,,0,0,,,,,,0
0021401138,65,4,1,1,7:55 PM,5:22,HAWKS Rebound,,,,,2,1610612737,,,,,,0,0,,,,,,0,0,,,,,,0
0021401138,66,8,0,1,7:55 PM,5:22,SUB: Antic FOR Horford,,,,,4,201143,Al Horford,1610612737.0,Atlanta,Hawks,ATL,4,203544,Pero Antic,1610612737.0,Atlanta,Hawks,ATL,0,0,,,,,,0
0021401138,67,8,0,1,7:55 PM,5:22,SUB: Bazemore FOR Korver,,,,,4,2594,Kyle Korver,1610612737.0,Atlanta,Hawks,ATL,4,203145,Kent Bazemore,1610612737.0,Atlanta,Hawks,ATL,0,0,,,,,,0
0021401138,68,8,0,1,7:55 PM,5:22,,,SUB: Bogdanovic FOR Johnson,,,5,2207,Joe Johnson,1610612751.0,Brooklyn,Nets,BKN,5,202711,Bojan Bogdanovic,1610612751.0,Brooklyn,Nets,BKN,0,0,,,,,,0
0021401138,69,3,12,1,7:55 PM,5:22,MISS Carroll Free Throw 2 of 2,,,,,4,201960,DeMarre Carroll,1610612737.0,Atlanta,Hawks,ATL,0,0,,,,,,0,0,,,,,,0
0021401138,71,4,0,1,7:55 PM,5:21,,,Lopez REBOUND (Off:1 Def:2),,,5,201572,Brook Lopez,1610612751.0,Brooklyn,Nets,BKN,0,0,,,,,,0,0,,,,,,1
0021401138,72,2,1,1,7:55 PM,5:06,,,MISS D. Williams 25' 3PT Jump Shot,,,5,101114,Deron Williams,1610612751.0,Brooklyn,Nets,BKN,0,0,,,,,,0,0,,,,,,1
0021401138,73,4,0,1,7:55 PM,5:04,,,Young REBOUND (Off:3 Def:1),,,5,201152,Thaddeus Young,1610612751.0,Brooklyn,Nets,BKN,0,0,,,,,,0,0,,,,,,1
0021401138,74,1,73,1,7:56 PM,4:57,,,Young 1' Driving Reverse Layup (2 PTS),10 - 13,3,5,201152,Thaddeus Young,1610612751.0,Brooklyn,Nets,BKN,0,0,,,,,,0,0,,,,,,1
0021401138,75,1,42,1,7:56 PM,4:45,Teague 4' Driving Layup (2 PTS),,,10 - 15,5,4,201952,Jeff Teague,1610612737.0,Atlanta,Hawks,ATL,0,0,,,,,,0,0,,,,,,1
0021401138,76,1,66,1,7:56 PM,4:25,,,D. Williams 15' Jump Bank Shot (5 PTS),12 - 15,3,5,101114,Deron Williams,1610612751.0,Brooklyn,Nets,BKN,0,0,,,,,,0,0,,,,,,1
0021401138,77,1,42,1,7:56 PM,4:06,Millsap 1' Driving Layup (2 PTS) (Carroll 2 AST),,,12 - 17,5,4,200794,Paul Millsap,1610612737.0,Atlanta,Hawks,ATL,4,201960,DeMarre Carroll,1610612737.0,Atlanta,Hawks,ATL,0,0,,,,,,1
0021401138,78,2,42,1,7:57 PM,3:56,,,MISS D. Williams 2' Driving Layup,,,5,101114,Deron Williams,1610612751.0,Brooklyn,Nets,BKN,0,0,,,,,,0,0,,,,,,1
0021401138,79,4,0,1,7:57 PM,3:55,,,Young REBOUND (Off:4 Def:1),,,5,201152,Thaddeus Young,1610612751.0,Brooklyn,Nets,BKN,0,0,,,,,,0,0,,,,,,1
0021401138,80,1,87,1,7:57 PM,3:54,,,Young  Putback Dunk (4 PTS),14 - 17,3,5,201152,Thaddeus Young,1610612751.0,Brooklyn,Nets,BKN,0,0,,,,,,0,0,,,,,,1
0021401138,81,6,1,1,7:57 PM,3:49,,,D. Williams P.FOUL (P1.T3),,,5,101114,Deron Williams,1610612751.0,Brooklyn,Nets,BKN,4,201952,Jeff Teague,1610612737.0,Atlanta,Hawks,ATL,1,0,,,,,,1
0021401138,82,8,0,1,7:57 PM,3:49,SUB: Mack FOR Teague,,,,,4,201952,Jeff Teague,1610612737.0,Atlanta,Hawks,ATL,4,202714,Shelvin Mack,1610612737.0,Atlanta,Hawks,ATL,0,0,,,,,,0
0021401138,83,8,0,1,7:57 PM,3:49,,,SUB: Jack FOR Lopez,,,5,201572,Brook Lopez,1610612751.0,Brooklyn,Nets,BKN,5,101127,Jarrett Jack,1610612751.0,Brooklyn,Nets,BKN,0,0,,,,,,0
0021401138,84,8,0,1,7:57 PM,3:49,,,SUB: Plumlee FOR Brown,,,5,203900,Markel Brown,1610612751.0,Brooklyn,Nets,BKN,5,203486,Mason Plumlee,1610612751.0,Brooklyn,Nets,BKN,0,0,,,,,,0
0021401138,85,1,5,1,7:58 PM,3:38,Antic 1' Layup (2 PTS) (Bazemore 1 AST),,,14 - 19,5,4,203544,Pero Antic,1610612737.0,Atlanta,Hawks,ATL,4,203145,Kent Bazemore,1610612737.0,Atlanta,Hawks,ATL,0,0,,,,,,1
0021401138,86,6,2,1,7:58 PM,3:38,,,D. Williams S.FOUL (P2.T4),,,5,101114,Deron Williams,1610612751.0,Brooklyn,Nets,BKN,4,203544,Pero Antic,1610612737.0,Atlanta,Hawks,ATL,1,0,,,,,,1
0021401138,87,3,10,1,7:58 PM,3:38,Antic Free Throw 1 of 1 (3 PTS),,,14 - 20,6,4,203544,Pero Antic,1610612737.0,Atlanta,Hawks,ATL,0,0,,,,,,0,0,,,,,,0
0021401138,92,1,46,1,7:59 PM,3:21,,,Young 4' Running Jump Shot (6 PTS) (Plumlee 1 AST),16 - 20,4,5,201152,Thaddeus Young,1610612751.0,Brooklyn,Nets,BKN,5,203486,Mason Plumlee,1610612751.0,Brooklyn,Nets,BKN,0,0,,,,,,1
0021401138,93,5,1,1,7:59 PM,3:10,Bazemore Bad Pass Turnover (P1.T2),,Young STEAL (1 STL),,,4,203145,Kent Bazemore,1610612737.0,Atlanta,Hawks,ATL,5,201152,Thaddeus Young,1610612751.0,Brooklyn,Nets,BKN,0,0,,,,,,1
0021401138,94,2,1,1,7:59 PM,3:00,,,MISS Young 25' 3PT Jump Shot,,,5,201152,Thaddeus Young,1610612751.0,Brooklyn,Nets,BKN,0,0,,,,,,0,0,,,,,,1
0021401138,95,4,0,1,7:59 PM,2:59,Bazemore REBOUND (Off:0 Def:1),,,,,4,203145,Kent Bazemore,1610612737.0,Atlanta,Hawks,ATL,0,0,,,,,,0,0,,,,,,1
0021401138,96,9,1,1,8:00 PM,2:53,HAWKS Timeout: Regular (Full 1 Short 0),,,,,2,1610612737,,,,,,0,0,,,,,,0,0,,,,,,0
0021401138,98,8,0,1,8:00 PM,2:53,,,SUB: Brown FOR D. Williams,,,5,101114,Deron Williams,1610612751.0,Brooklyn,Nets,BKN,5,203900,Markel Brown,1610612751.0,Brooklyn,Nets,BKN,0,0,,,,,,0
0021401138,101,1,41,1,8:02 PM,2:49,Carroll  Running Layup (4 PTS) (Millsap 2 AST),,,16 - 22,6,4,201960,DeMarre Carroll,1610612737.0,Atlanta,Hawks,ATL,4,200794,Paul Millsap,1610612737.0,Atlanta,Hawks,ATL,0,0,,,,,,1
0021401138,102,2,1,1,8:02 PM,2:33,,,MISS Brown 20' Jump Shot,,,5,203900,Markel Brown,1610612751.0,Brooklyn,Nets,BKN,0,0,,,,,,0,0,,,,,,1
0021401138,103,4,0,1,8:03 PM,2:32,Carroll REBOUND (Off:0 Def:3),,,,,4,201960,DeMarre Carroll,1610612737.0,Atlanta,Hawks,ATL,0,0,,,,,,0,0,,,,,,1
0021401138,104,1,1,1,8:03 PM,2:12,Bazemore 25' 3PT Jump Shot (3 PTS) (Carroll 3 AST),,,16 - 25,9,4,203145,Kent Bazemore,1610612737.0,Atlanta,Hawks,ATL,4,201960,DeMarre Carroll,1610612737.0,Atlanta,Hawks,ATL,0,0,,,,,,1
0021401138,105,1,42,1,8:03 PM,1:58,,,Bogdanovic 1' Driving Layup (2 PTS) (Jack 1 AST),18 - 25,7,5,202711,Bojan Bogdanovic,1610612751.0,Brooklyn,Nets,BKN,5,101127,Jarrett Jack,1610612751.0,Brooklyn,Nets,BKN,0,0,,,,,,1
0021401138,106,1,1,1,8:03 PM,1:43,Carroll 24' 3PT Jump Shot (7 PTS) (Millsap 3 AST),,,18 - 28,10,4,201960,DeMarre Carroll,1610612737.0,Atlanta,Hawks,ATL,4,200794,Paul Millsap,1610612737.0,Atlanta,Hawks,ATL,0,0,,,,,,1
0021401138,107,2,1,1,8:04 PM,1:24,,,MISS Jack 19' Jump Shot,,,5,101127,Jarrett Jack,1610612751.0,Brooklyn,Nets,BKN,0,0,,,,,,0,0,,,,,,1
0021401138,108,4,0,1,8:04 PM,1:23,Millsap REBOUND (Off:1 Def:2),,,,,4,200794,Paul Millsap,1610612737.0,Atlanta,Hawks,ATL,0,0,,,,,,0,0,,,,,,1
0021401138,109,2,1,1,8:04 PM,1:12,MISS Mack 25' 3PT Jump Shot,,,,,4,202714,Shelvin Mack,1610612737.0,Atlanta,Hawks,ATL,0,0,,,,,,0,0,,,,,,1
0021401138,110,4,0,1,8:04 PM,1:11,Carroll REBOUND (Off:1 Def:3),,,,,4,201960,DeMarre Carroll,1610612737.0,Atlanta,Hawks,ATL,0,0,,,,,,0,0,,,,,,1
0021401138,111,1,1,1,8:04 PM,0:54,Carroll 24' 3PT Jump Shot (10 PTS) (Millsap 4 AST),,,18 - 31,13,4,201960,DeMarre Carroll,1610612737.0,Atlanta,Hawks,ATL,4,200794,Paul Millsap,1610612737.0,Atlanta,Hawks,ATL,0,0,,,,,,1
0021401138,112,2,42,1,8:05 PM,0:35,,,MISS Plumlee 2' Driving Layup,,,5,203486,Mason Plumlee,1610612751.0,Brooklyn,Nets,BKN,0,0,,,,,,0,0,,,,,,1
0021401138,114,4,0,1,8:05 PM,0:35,,,Plumlee REBOUND (Off:1 Def:0),,,5,203486,Mason Plumlee,1610612751.0,Brooklyn,Nets,BKN,0,0,,,,,,0,0,,,,,,1
0021401138,113,1,72,1,8:05 PM,0:35,,,Plumlee  Putback Layup (2 PTS),20 - 31,11,5,203486,Mason Plumlee,1610612751.0,Brooklyn,Nets,BKN,0,0,,,,,,0,0,,,,,,1
0021401138,115,5,40,1,8:05 PM,0:27,Mack Out of Bounds Lost Ball Turnover (P1.T3),,,,,4,202714,Shelvin Mack,1610612737.0,Atlanta,Hawks,ATL,0,0,,,,,,0,0,,,,,,1
0021401138,116,8,0,1,8:05 PM,0:27,SUB: Horford FOR Millsap,,,,,4,200794,Paul Millsap,1610612737.0,Atlanta,Hawks,ATL,4,201143,Al Horford,1610612737.0,Atlanta,Hawks,ATL,0,0,,,,,,0
0021401138,117,8,0,1,8:05 PM,0:27,SUB: Korver FOR Carroll,,,,,4,201960,DeMarre Carroll,1610612737.0,Atlanta,Hawks,ATL,4,2594,Kyle Korver,1610612737.0,Atlanta,Hawks,ATL,0,0,,,,,,0
0021401138,120,7,2,1,8:06 PM,0:06,Horford Violation:Defensive Goaltending,,,,,4,201143,Al Horford,1610612737.0,Atlanta,Hawks,ATL,0,0,,,,,,1,0,,,,,,0
0021401138,119,1,5,1,8:06 PM,0:06,,,Bogdanovic 2' Layup (4 PTS) (Jack 2 AST),22 - 31,9,5,202711,Bojan Bogdanovic,1610612751.0,Brooklyn,Nets,BKN,5,101127,Jarrett Jack,1610612751.0,Brooklyn,Nets,BKN,0,0,,,,,,1
0021401138,122,18,1,1,8:06 PM,0:00,,Overturn Ruling,,,,0,0,,,,,,0,0,,,,,,1,0,,,,,,0
0021401138,123,13,0,1,8:07 PM,0:00,,End of 1st Period (8:07 PM EST),,22 - 31,9,0,0,,,,,,0,0,,,,,,0,0,,,,,,0
0021401138,125,12,0,2,8:09 PM,12:00,,Start of 2nd Period (8:09 PM EST),,22 - 31,9,0,0,,,,,,0,0,,,,,,0,0,,,,,,0
0021401138,128,1,1,2,8:10 PM,11:38,Antic  3PT Jump Shot (6 PTS) (Korver 1 AST),,,22 - 34,12,4,203544,Pero Antic,1610612737.0,Atlanta,Hawks,ATL,4,2594,Kyle Korver,1610612737.0,Atlanta,Hawks,ATL,0,0,,,,,,1
0021401138,129,6,1,2,8:10 PM,11:28,Antic P.FOUL (P1.T1),,,,,4,203544,Pero Antic,1610612737.0,Atlanta,Hawks,ATL,5,101127,Jarrett Jack,1610612751.0,Brooklyn,Nets,BKN,1,0,,,,,,1
0021401138,130,8,0,2,8:10 PM,11:28,SUB: Sefolosha FOR Bazemore,,,,,4,203145,Kent Bazemore,1610612737.0,Atlanta,Hawks,ATL,4,200757,Thabo Sefolosha,1610612737.0,Atlanta,Hawks,ATL,0,0,,,,,,0
0021401138,131,2,56,2,8:10 PM,11:22,,,MISS Lopez 13' Running Hook Shot,,,5,201572,Brook Lopez,1610612751.0,Brooklyn,Nets,BKN,0,0,,,,,,0,0,,,,,,1
0021401138,132,4,0,2,8:10 PM,11:18,Mack REBOUND (Off:0 Def:1),,,,,4,202714,Shelvin Mack,1610612737.0,Atlanta,Hawks,ATL,0,0,,,,,,0,0,,,,,,1
0021401138,133,1,1,2,8:11 PM,11:12,Antic 25' 3PT Jump Shot (9 PTS) (Horford 1 AST),,,22 - 37,15,4,203544,Pero Antic,1610612737.0,Atlanta,Hawks,ATL,4,201143,Al Horford,1610612737.0,Atlanta,Hawks,ATL,0,0,,,,,,1
0021401138,134,1,79,2,8:11 PM,10:52,,,Bogdanovic 17' Pullup Jump Shot (6 PTS) (Johnson 2 AST),24 - 37,13,5,202711,Bojan Bogdanovic,1610612751.0,Brooklyn,Nets,BKN,5,2207,Joe Johnson,1610612751.0,Brooklyn,Nets,BKN,0,0,,,,,,1
0021401138,135,1,78,2,8:11 PM,10:32,Mack 12' Floating Jump Shot (2 PTS) (Horford 2 AST),,,24 - 39,15,4,202714,Shelvin Mack,1610612737.0,Atlanta,Hawks,ATL,4,201143,Al Horford,1610612737.0,Atlanta,Hawks,ATL,0,0,,,,,,1
0021401138,136,2,63,2,8:11 PM,10:21,,,MISS Jack 13' Fadeaway Jumper,,,5,101127,Jarrett Jack,1610612751.0,Brooklyn,Nets,BKN,0,0,,,,,,0,0,,,,,,1
0021401138,137,4,0,2,8:11 PM,10:18,Sefolosha REBOUND (Off:0 Def:1),,,,,4,200757,Thabo Sefolosha,1610612737.0,Atlanta,Hawks,ATL,0,0,,,,,,0,0,,,,,,1
0021401138,138,1,1,2,8:12 PM,10:09,Horford 18' Jump Shot (10 PTS),,,24 - 41,17,4,201143,Al Horford,1610612737.0,Atlanta,Hawks,ATL,0,0,,,,,,0,0,,,,,,1
0021401138,139,9,1,2,8:12 PM,10:01,,,Nets Timeout: Regular (Reg.2 Short 1),,,3,1610612751,,,,,,0,0,,,,,,0,0,,,,,,0
0021401138,141,8,0,2,8:14 PM,10:01,SUB: Muscala FOR Antic,,,,,4,203544,Pero Antic,1610612737.0,Atlanta,Hawks,ATL,4,203488,Mike Muscala,1610612737.0,Atlanta,Hawks,ATL,0,0,,,,,,0
0021401138,143,1,1,2,8:15 PM,9:47,,,Bogdanovic 24' 3PT Jump Shot (9 PTS) (Johnson 3 AST),27 - 41,14,5,202711,Bojan Bogdanovic,1610612751.0,Brooklyn,Nets,BKN,5,2207,Joe Johnson,1610612751.0,Brooklyn,Nets,BKN,0,0,,,,,,1
0021401138,144,1,52,2,8:15 PM,9:32,Horford  Alley Oop Dunk (12 PTS) (Mack 1 AST),,,27 - 43,16,4,201143,Al Horford,1610612737.0,Atlanta,Hawks,ATL,4,202714,Shelvin Mack,1610612737.0,Atlanta,Hawks,ATL,0,0,,,,,,1
0021401138,145,6,2,2,8:15 PM,9:32,,,Lopez S.FOUL (P1.T1),,,5,201572,Brook Lopez,1610612751.0,Brooklyn,Nets,BKN,4,201143,Al Horford,1610612737.0,Atlanta,Hawks,ATL,1,0,,,,,,1
0021401138,146,3,10,2,8:15 PM,9:32,MISS Horford Free Throw 1 of 1,,,,,4,201143,Al Horford,1610612737.0,Atlanta,Hawks,ATL,0,0,,,,,,0,0,,,,,,0
0021401138,148,4,0,2,8:15 PM,9:30,,,Plumlee REBOUND (Off:1 Def:1),,,5,203486,Mason Plumlee,1610612751.0,Brooklyn,Nets,BKN,0,0,,,,,,0,0,,,,,,1
0021401138,149,5,1,2,8:16 PM,9:13,,,Bogdanovic Bad Pass Turnover (P1.T5),,,5,202711,Bojan Bogdanovic,1610612751.0,Brooklyn,Nets,BKN,0,0,,,,,,0,0,,,,,,1
0021401138,150,1,90,2,8:16 PM,8:57,Horford  Running Slam Dunk (14 PTS) (Muscala 1 AST),,,27 - 45,18,4,201143,Al Horford,1610612737.0,Atlanta,Hawks,ATL,4,203488,Mike Muscala,1610612737.0,Atlanta,Hawks,ATL,0,0,,,,,,1
0021401138,152,8,0,2,8:16 PM,8:38,SUB: Teague FOR Mack,,,,,4,202714,Shelvin Mack,1610612737.0,Atlanta,Hawks,ATL,4,201952,Jeff Teague,1610612737.0,Atlanta,Hawks,ATL,0,0,,,,,,0
0021401138,153,8,0,2,8:17 PM,8:38,,,SUB: D. Williams FOR Jack,,,5,101127,Jarrett Jack,1610612751.0,Brooklyn,Nets,BKN,5,101114,Deron Williams,1610612751.0,Brooklyn,Nets,BKN,0,0,,,,,,0
0021401138,154,1,79,2,8:17 PM,8:32,,,Bogdanovic 19' Pullup Jump Shot (11 PTS) (Lopez 1 AST),29 - 45,16,5,202711,Bojan Bogdanovic,1610612751.0,Brooklyn,Nets,BKN,5,201572,Brook Lopez,1610612751.0,Brooklyn,Nets,BKN,0,0,,,,,,1
0021401138,155,1,1,2,8:17 PM,8:22,Sefolosha 24' 3PT Jump Shot (3 PTS) (Horford 3 AST),,,29 - 48,19,4,200757,Thabo Sefolosha,1610612737.0,Atlanta,Hawks,ATL,4,201143,Al Horford,1610612737.0,Atlanta,Hawks,ATL,0,0,,,,,,1
0021401138,157,2,79,2,8:18 PM,7:54,,,MISS Johnson 21' Pullup Jump Shot,,,5,2207,Joe Johnson,1610612751.0,Brooklyn,Nets,BKN,0,0,,,,,,0,0,,,,,,1
0021401138,158,4,0,2,8:18 PM,7:51,Horford REBOUND (Off:0 Def:1),,,,,4,201143,Al Horford,1610612737.0,Atlanta,Hawks,ATL,0,0,,,,,,0,0,,,,,,1
0021401138,159,1,77,2,8:18 PM,7:34,Horford 9' Driving Jump Shot (16 PTS),,,29 - 50,21,4,201143,Al Horford,1610612737.0,Atlanta,Hawks,ATL,0,0,,,,,,0,0,,,,,,1
0021401138,160,2,79,2,8:18 PM,7:20,,,MISS D. Williams 19' Pullup Jump Shot,,,5,101114,Deron Williams,1610612751.0,Brooklyn,Nets,BKN,0,0,,,,,,0,0,,,,,,1
0021401138,161,4,0,2,8:18 PM,7:19,Horford REBOUND (Off:0 Def:2),,,,,4,201143,Al Horford,1610612737.0,Atlanta,Hawks,ATL,0,0,,,,,,0,0,,,,,,1
0021401138,162,2,77,2,8:18 PM,7:09,MISS Teague 8' Driving Jump Shot,,,,,4,201952,Jeff Teague,1610612737.0,Atlanta,Hawks,ATL,0,0,,,,,,0,0,,,,,,1
0021401138,163,4,0,2,8:18 PM,7:06,,,D. Williams REBOUND (Off:0 Def:2),,,5,101114,Deron Williams,1610612751.0,Brooklyn,Nets,BKN,0,0,,,,,,0,0,,,,,,1
0021401138,164,6,1,2,8:19 PM,7:03,Teague P.FOUL (P1.T2),,,,,4,201952,Jeff Teague,1610612737.0,Atlanta,Hawks,ATL,5,101114,Deron Williams,1610612751.0,Brooklyn,Nets,BKN,1,0,,,,,,1
0021401138,165,8,0,2,8:19 PM,7:03,,,SUB: Young FOR Plumlee,,,5,203486,Mason Plumlee,1610612751.0,Brooklyn,Nets,BKN,5,201152,Thaddeus Young,1610612751.0,Brooklyn,Nets,BKN,0,0,,,,,,0
0021401138,166,8,0,2,8:19 PM,7:03,SUB: Millsap FOR Horford,,,,,4,201143,Al Horford,1610612737.0,Atlanta,Hawks,ATL,4,200794,Paul Millsap,1610612737.0,Atlanta,Hawks,ATL,0,0,,,,,,0
0021401138,167,5,2,2,8:19 PM,6:56,Teague STEAL (1 STL),,Lopez Lost Ball Turnover (P2.T6),,,5,201572,Brook Lopez,1610612751.0,Brooklyn,Nets,BKN,4,201952,Jeff Teague,1610612737.0,Atlanta,Hawks,ATL,0,0,,,,,,1
0021401138,168,1,50,2,8:19 PM,6:53,Teague  Running Dunk (4 PTS) (Muscala 2 AST),,,29 - 52,23,4,201952,Jeff Teague,1610612737.0,Atlanta,Hawks,ATL,4,203488,Mike Muscala,1610612737.0,Atlanta,Hawks,ATL,0,0,,,,,,1
0021401138,169,1,79,2,8:20 PM,6:37,,,D. Williams 25' 3PT Pullup Jump Shot (8 PTS),32 - 52,20,5,101114,Deron Williams,1610612751.0,Brooklyn,Nets,BKN,0,0,,,,,,0,0,,,,,,1
0021401138,170,1,77,2,8:20 PM,6:23,Teague 6' Driving Jump Shot (6 PTS),,,32 - 54,22,4,201952,Jeff Teague,1610612737.0,Atlanta,Hawks,ATL,0,0,,,,,,0,0,,,,,,1
0021401138,171,6,1,2,8:20 PM,6:14,Teague P.FOUL (P2.T3),,,,,4,201952,Jeff Teague,1610612737.0,Atlanta,Hawks,ATL,5,101114,Deron Williams,1610612751.0,Brooklyn,Nets,BKN,1,0,,,,,,1
0021401138,173,2,1,2,8:20 PM,6:08,,,MISS Bogdanovic  3PT Jump Shot,,,5,202711,Bojan Bogdanovic,1610612751.0,Brooklyn,Nets,BKN,0,0,,,,,,0,0,,,,,,1
0021401138,174,4,0,2,8:20 PM,6:07,Sefolosha REBOUND (Off:0 Def:2),,,,,4,200757,Thabo Sefolosha,1610612737.0,Atlanta,Hawks,ATL,0,0,,,,,,0,0,,,,,,1
0021401138,175,6,26,2,8:21 PM,6:04,Sefolosha Offensive Charge Foul (P1.T4),,,,,4,200757,Thabo Sefolosha,1610612737.0,Atlanta,Hawks,ATL,5,202711,Bojan Bogdanovic,1610612751.0,Brooklyn,Nets,BKN,1,0,,,,,,1
0021401138,176,5,5,2,8:21 PM,6:04,Sefolosha Foul Turnover (P1.T4),,,,,4,200757,Thabo Sefolosha,1610612737.0,Atlanta,Hawks,ATL,0,0,,,,,,1,0,,,,,,1
0021401138,177,2,77,2,8:21 PM,5:43,Millsap BLOCK (1 BLK),,MISS Bogdanovic 4' Driving Jump Shot,,,5,202711,Bojan Bogdanovic,1610612751.0,Brooklyn,Nets,BKN,0,0,,,,,,4,200794,Paul Millsap,1610612737.0,Atlanta,Hawks,ATL,1
0021401138,178,4,0,2,8:21 PM,5:41,Korver REBOUND (Off:0 Def:2),,,,,4,2594,Kyle Korver,1610612737.0,Atlanta,Hawks,ATL,0,0,,,,,,0,0,,,,,,1
0021401138,179,6,2,2,8:21 PM,5:31,,,Bogdanovic S.FOUL (P1.T2),,,5,202711,Bojan Bogdanovic,1610612751.0,Brooklyn,Nets,BKN,4,200794,Paul Millsap,1610612737.0,Atlanta,Hawks,ATL,1,0,,,,,,1
0021401138,180,9,4,2,8:21 PM,5:31,,Timeout: Official,,,,1,0,,,,,,0,0,,,,,,0,0,,,,,,0
0021401138,182,8,0,2,8:24 PM,5:31,SUB: Carroll FOR Korver,,,,,4,2594,Kyle Korver,1610612737.0,Atlanta,Hawks,ATL,4,201960,DeMarre Carroll,1610612737.0,Atlanta,Hawks,ATL,0,0,,,,,,0
0021401138,184,3,11,2,8:24 PM,5:31,Millsap Free Throw 1 of 2 (3 PTS),,,32 - 55,23,4,200794,Paul Millsap,1610612737.0,Atlanta,Hawks,ATL,0,0,,,,,,0,0,,,,,,0
0021401138,186,3,12,2,8:24 PM,5:31,Millsap Free Throw 2 of 2 (4 PTS),,,32 - 56,24,4,200794,Paul Millsap,1610612737.0,Atlanta,Hawks,ATL,0,0,,,,,,0,0,,,,,,0
0021401138,188,6,1,2,8:25 PM,5:16,Muscala P.FOUL (P1.PN),,,,,4,203488,Mike Muscala,1610612737.0,Atlanta,Hawks,ATL,5,2207,Joe Johnson,1610612751.0,Brooklyn,Nets,BKN,1,0,,,,,,1
0021401138,189,3,11,2,8:25 PM,5:16,,,MISS Johnson Free Throw 1 of 2,,,5,2207,Joe Johnson,1610612751.0,Brooklyn,Nets,BKN,0,0,,,,,,0,0,,,,,,0
0021401138,190,4,1,2,8:25 PM,5:16,,,Nets Rebound,,,3,1610612751,,,,,,0,0,,,,,,0,0,,,,,,0
0021401138,191,8,0,2,8:25 PM,5:16,,,SUB: Jack FOR Bogdanovic,,,5,202711,Bojan Bogdanovic,1610612751.0,Brooklyn,Nets,BKN,5,101127,Jarrett Jack,1610612751.0,Brooklyn,Nets,BKN,0,0,,,,,,0
0021401138,192,3,12,2,8:25 PM,5:16,,,Johnson Free Throw 2 of 2 (1 PTS),33 - 56,23,5,2207,Joe Johnson,1610612751.0,Brooklyn,Nets,BKN,0,0,,,,,,0,0,,,,,,0
0021401138,194,6,2,2,8:26 PM,4:56,,,Lopez S.FOUL (P2.T3),,,5,201572,Brook Lopez,1610612751.0,Brooklyn,Nets,BKN,4,200794,Paul Millsap,1610612737.0,Atlanta,Hawks,ATL,1,0,,,,,,1
0021401138,195,3,11,2,8:26 PM,4:56,Millsap Free Throw 1 of 2 (5 PTS),,,33 - 57,24,4,200794,Paul Millsap,1610612737.0,Atlanta,Hawks,ATL,0,0,,,,,,0,0,,,,,,0
0021401138,197,8,0,2,8:27 PM,4:56,,,SUB: Bogdanovic FOR Johnson,,,5,2207,Joe Johnson,1610612751.0,Brooklyn,Nets,BKN,5,202711,Bojan Bogdanovic,1610612751.0,Brooklyn,Nets,BKN,0,0,,,,,,0
0021401138,198,3,12,2,8:27 PM,4:56,Millsap Free Throw 2 of 2 (6 PTS),,,33 - 58,25,4,200794,Paul Millsap,1610612737.0,Atlanta,Hawks,ATL,0,0,,,,,,0,0,,,,,,0
0021401138,200,1,63,2,8:27 PM,4:36,,,Young 19' Fadeaway Jumper (8 PTS),35 - 58,23,5,201152,Thaddeus Young,1610612751.0,Brooklyn,Nets,BKN,0,0,,,,,,0,0,,,,,,1
0021401138,201,1,78,2,8:27 PM,4:25,Teague 5' Floating Jump Shot (8 PTS),,,35 - 60,25,4,201952,Jeff Teague,1610612737.0,Atlanta,Hawks,ATL,0,0,,,,,,0,0,,,,,,1
0021401138,202,5,1,2,8:28 PM,4:11,,,Young Bad Pass Turnover (P1.T7),,,5,201152,Thaddeus Young,1610612751.0,Brooklyn,Nets,BKN,0,0,,,,,,0,0,,,,,,1
0021401138,203,6,1,2,8:28 PM,4:00,,,Bogdanovic P.FOUL (P2.T4),,,5,202711,Bojan Bogdanovic,1610612751.0,Brooklyn,Nets,BKN,4,201960,DeMarre Carroll,1610612737.0,Atlanta,Hawks,ATL,1,0,,,,,,1
0021401138,204,6,2,2,8:28 PM,3:56,,,Young S.FOUL (P1.PN),,,5,201152,Thaddeus Young,1610612751.0,Brooklyn,Nets,BKN,4,200794,Paul Millsap,1610612737.0,Atlanta,Hawks,ATL,1,0,,,,,,1
0021401138,205,3,11,2,8:29 PM,3:56,Millsap Free Throw 1 of 2 (7 PTS),,,35 - 61,26,4,200794,Paul Millsap,1610612737.0,Atlanta,Hawks,ATL,0,0,,,,,,0,0,,,,,,0
0021401138,207,3,12,2,8:29 PM,3:56,Millsap Free Throw 2 of 2 (8 PTS),,,35 - 62,27,4,200794,Paul Millsap,1610612737.0,Atlanta,Hawks,ATL,0,0,,,,,,0,0,,,,,,0
0021401138,209,1,58,2,8:29 PM,3:39,,,Lopez 11' Turnaround Hook Shot (7 PTS),37 - 62,25,5,201572,Brook Lopez,1610612751.0,Brooklyn,Nets,BKN,0,0,,,,,,0,0,,,,,,1
0021401138,210,5,1,2,8:29 PM,3:31,Teague Bad Pass Turnover (P2.T5),,Jack STEAL (1 STL),,,4,201952,Jeff Teague,1610612737.0,Atlanta,Hawks,ATL,5,101127,Jarrett Jack,1610612751.0,Brooklyn,Nets,BKN,0,0,,,,,,1
0021401138,211,1,41,2,8:29 PM,3:27,,,Bogdanovic 1' Running Layup (13 PTS) (Jack 3 AST),39 - 62,23,5,202711,Bojan Bogdanovic,1610612751.0,Brooklyn,Nets,BKN,5,101127,Jarrett Jack,1610612751.0,Brooklyn,Nets,BKN,0,0,,,,,,1
0021401138,212,9,1,2,8:30 PM,3:19,HAWKS Timeout: Regular (Full 2 Short 0),,,,,2,1610612737,,,,,,0,0,,,,,,0,0,,,,,,0
0021401138,214,8,0,2,8:32 PM,3:18,SUB: Horford FOR Muscala,,,,,4,203488,Mike Muscala,1610612737.0,Atlanta,Hawks,ATL,4,201143,Al Horford,1610612737.0,Atlanta,Hawks,ATL,0,0,,,,,,0
0021401138,215,8,0,2,8:32 PM,3:18,,,SUB: Clark FOR Young,,,5,201152,Thaddeus Young,1610612751.0,Brooklyn,Nets,BKN,5,201947,Earl Clark,1610612751.0,Brooklyn,Nets,BKN,0,0,,,,,,0
0021401138,216,2,77,2,8:33 PM,3:06,MISS Sefolosha 10' Driving Jump Shot,,,,,4,200757,Thabo Sefolosha,1610612737.0,Atlanta,Hawks,ATL,0,0,,,,,,0,0,,,,,,1
0021401138,217,4,0,2,8:33 PM,3:05,,,Jack REBOUND (Off:0 Def:1),,,5,101127,Jarrett Jack,1610612751.0,Brooklyn,Nets,BKN,0,0,,,,,,0,0,,,,,,1
0021401138,218,5,2,2,8:33 PM,2:57,Horford STEAL (2 STL),,Jack Lost Ball Turnover (P1.T8),,,5,101127,Jarrett Jack,1610612751.0,Brooklyn,Nets,BKN,4,201143,Al Horford,1610612737.0,Atlanta,Hawks,ATL,0,0,,,,,,1
0021401138,219,1,41,2,8:33 PM,2:40,Sefolosha 2' Running Layup (5 PTS) (Millsap 5 AST),,,39 - 64,25,4,200757,Thabo Sefolosha,1610612737.0,Atlanta,Hawks,ATL,4,200794,Paul Millsap,1610612737.0,Atlanta,Hawks,ATL,0,0,,,,,,1
0021401138,220,1,1,2,8:33 PM,2:19,,,Jack  3PT Jump Shot (3 PTS) (D. Williams 2 AST),42 - 64,22,5,101127,Jarrett Jack,1610612751.0,Brooklyn,Nets,BKN,5,101114,Deron Williams,1610612751.0,Brooklyn,Nets,BKN,0,0,,,,,,1
0021401138,221,5,1,2,8:34 PM,1:55,Teague Bad Pass Turnover (P3.T6),,Jack STEAL (2 STL),,,4,201952,Jeff Teague,1610612737.0,Atlanta,Hawks,ATL,5,101127,Jarrett Jack,1610612751.0,Brooklyn,Nets,BKN,0,0,,,,,,1
0021401138,222,1,50,2,8:34 PM,1:52,,,Jack  Running Dunk (5 PTS),44 - 64,20,5,101127,Jarrett Jack,1610612751.0,Brooklyn,Nets,BKN,0,0,,,,,,0,0,,,,,,1
0021401138,223,9,2,2,8:34 PM,1:52,HAWKS Timeout: Short (Full 2 Short 1),,,,,2,1610612737,,,,,,0,0,,,,,,0,0,,,,,,0
0021401138,225,8,0,2,8:35 PM,1:52,SUB: Muscala FOR Millsap,,,,,4,200794,Paul Millsap,1610612737.0,Atlanta,Hawks,ATL,4,203488,Mike Muscala,1610612737.0,Atlanta,Hawks,ATL,0,0,,,,,,0
0021401138,226,8,0,2,8:35 PM,1:52,SUB: Korver FOR Sefolosha,,,,,4,200757,Thabo Sefolosha,1610612737.0,Atlanta,Hawks,ATL,4,2594,Kyle Korver,1610612737.0,Atlanta,Hawks,ATL,0,0,,,,,,0
0021401138,227,2,78,2,8:36 PM,1:29,MISS Teague 9' Floating Jump Shot,,,,,4,201952,Jeff Teague,1610612737.0,Atlanta,Hawks,ATL,0,0,,,,,,0,0,,,,,,1
0021401138,228,4,0,2,8:36 PM,1:27,Teague REBOUND (Off:1 Def:1),,,,,4,201952,Jeff Teague,1610612737.0,Atlanta,Hawks,ATL,0,0,,,,,,0,0,,,,,,1
0021401138,229,1,72,2,8:36 PM,1:26,Teague  Putback Layup (10 PTS),,,44 - 66,22,4,201952,Jeff Teague,1610612737.0,Atlanta,Hawks,ATL,0,0,,,,,,0,0,,,,,,1
0021401138,230,5,2,2,8:36 PM,1:12,Teague STEAL (2 STL),,Jack Lost Ball Turnover (P2.T9),,,5,101127,Jarrett Jack,1610612751.0,Brooklyn,Nets,BKN,4,201952,Jeff Teague,1610612737.0,Atlanta,Hawks,ATL,0,0,,,,,,1
0021401138,231,2,1,2,8:36 PM,1:04,MISS Carroll  3PT Jump Shot,,,,,4,201960,DeMarre Carroll,1610612737.0,Atlanta,Hawks,ATL,0,0,,,,,,0,0,,,,,,1
0021401138,232,4,0,2,8:36 PM,1:03,,,Clark REBOUND (Off:0 Def:1),,,5,201947,Earl Clark,1610612751.0,Brooklyn,Nets,BKN,0,0,,,,,,0,0,,,,,,1
0021401138,233,2,1,2,8:36 PM,0:57,,,MISS Jack 22' Jump Shot,,,5,101127,Jarrett Jack,1610612751.0,Brooklyn,Nets,BKN,0,0,,,,,,0,0,,,,,,1
0021401138,234,4,0,2,8:36 PM,0:56,Carroll REBOUND (Off:1 Def:4),,,,,4,201960,DeMarre Carroll,1610612737.0,Atlanta,Hawks,ATL,0,0,,,,,,0,0,,,,,,1
0021401138,235,2,1,2,8:36 PM,0:45,MISS Horford 24' 3PT Jump Shot,,,,,4,201143,Al Horford,1610612737.0,Atlanta,Hawks,ATL,0,0,,,,,,0,0,,,,,,1
0021401138,236,4,0,2,8:36 PM,0:44,,,D. Williams REBOUND (Off:0 Def:3),,,5,101114,Deron Williams,1610612751.0,Brooklyn,Nets,BKN,0,0,,,,,,0,0,,,,,,1
0021401138,237,6,2,2,8:36 PM,0:40,Muscala S.FOUL (P2.PN),,,,,4,203488,Mike Muscala,1610612737.0,Atlanta,Hawks,ATL,5,101114,Deron Williams,1610612751.0,Brooklyn,Nets,BKN,1,0,,,,,,1
0021401138,238,3,11,2,8:37 PM,0:40,,,D. Williams Free Throw 1 of 2 (9 PTS),45 - 66,21,5,101114,Deron Williams,1610612751.0,Brooklyn,Nets,BKN,0,0,,,,,,0,0,,,,,,0
0021401138,240,8,0,2,8:37 PM,0:40,SUB: Mack FOR Teague,,,,,4,201952,Jeff Teague,1610612737.0,Atlanta,Hawks,ATL,4,202714,Shelvin Mack,1610612737.0,Atlanta,Hawks,ATL,0,0,,,,,,0
0021401138,241,3,12,2,8:37 PM,0:40,,,D. Williams Free Throw 2 of 2 (10 PTS),46 - 66,20,5,101114,Deron Williams,1610612751.0,Brooklyn,Nets,BKN,0,0,,,,,,0,0,,,,,,0
0021401138,243,2,46,2,8:37 PM,0:31,MISS Horford 4' Running Jump Shot,,,,,4,201143,Al Horford,1610612737.0,Atlanta,Hawks,ATL,0,0,,,,,,0,0,,,,,,1
0021401138,244,4,0,2,8:37 PM,0:30,,,Lopez REBOUND (Off:1 Def:3),,,5,201572,Brook Lopez,1610612751.0,Brooklyn,Nets,BKN,0,0,,,,,,0,0,,,,,,1
0021401138,245,1,41,2,8:38 PM,0:23,,,Jack 2' Running Layup (7 PTS),48 - 66,18,5,101127,Jarrett Jack,1610612751.0,Brooklyn,Nets,BKN,0,0,,,,,,0,0,,,,,,1
0021401138,246,2,86,2,8:38 PM,0:00,MISS Mack 15' Turnaround Fadeaway Shot,,,,,4,202714,Shelvin Mack,1610612737.0,Atlanta,Hawks,ATL,0,0,,,,,,0,0,,,,,,1
0021401138,247,4,0,2,8:38 PM,0:00,HAWKS Rebound,,,,,2,1610612737,,,,,,0,0,,,,,,0,0,,,,,,0
0021401138,249,13,0,2,8:38 PM,0:00,,End of 2nd Period (8:38 PM EST),,48 - 66,18,0,0,,,,,,0,0,,,,,,0,0,,,,,,0
0021401138,251,12,0,3,8:54 PM,12:00,,Start of 3rd Period (8:54 PM EST),,48 - 66,18,0,0,,,,,,0,0,,,,,,0,0,,,,,,0
0021401138,252,1,1,3,8:55 PM,11:38,Muscala  3PT Jump Shot (3 PTS) (Teague 3 AST),,,48 - 69,21,4,203488,Mike Muscala,1610612737.0,Atlanta,Hawks,ATL,4,201952,Jeff Teague,1610612737.0,Atlanta,Hawks,ATL,0,0,,,,,,1
0021401138,253,1,5,3,8:55 PM,11:09,,,Lopez 1' Layup (9 PTS) (D. Williams 3 AST),50 - 69,19,5,201572,Brook Lopez,1610612751.0,Brooklyn,Nets,BKN,5,101114,Deron Williams,1610612751.0,Brooklyn,Nets,BKN,0,0,,,,,,1
0021401138,254,1,1,3,8:55 PM,11:01,Horford 19' Jump Shot (18 PTS) (Teague 4 AST),,,50 - 71,21,4,201143,Al Horford,1610612737.0,Atlanta,Hawks,ATL,4,201952,Jeff Teague,1610612737.0,Atlanta,Hawks,ATL,0,0,,,,,,1
0021401138,255,1,77,3,8:55 PM,10:44,,,Young 4' Driving Jump Shot (10 PTS) (D. Williams 4 AST),52 - 71,19,5,201152,Thaddeus Young,1610612751.0,Brooklyn,Nets,BKN,5,101114,Deron Williams,1610612751.0,Brooklyn,Nets,BKN,0,0,,,,,,1
0021401138,256,1,47,3,8:56 PM,10:30,Muscala 4' Turnaround Jump Shot (5 PTS) (Korver 2 AST),,,52 - 73,21,4,203488,Mike Muscala,1610612737.0,Atlanta,Hawks,ATL,4,2594,Kyle Korver,1610612737.0,Atlanta,Hawks,ATL,0,0,,,,,,1
0021401138,257,5,1,3,8:56 PM,10:21,Horford STEAL (3 STL),,D. Williams Bad Pass Turnover (P2.T10),,,5,101114,Deron Williams,1610612751.0,Brooklyn,Nets,BKN,4,201143,Al Horford,1610612737.0,Atlanta,Hawks,ATL,0,0,,,,,,1
0021401138,258,2,1,3,8:56 PM,10:16,MISS Korver 24' 3PT Jump Shot,,,,,4,2594,Kyle Korver,1610612737.0,Atlanta,Hawks,ATL,0,0,,,,,,0,0,,,,,,1
0021401138,259,4,0,3,8:56 PM,10:14,Carroll REBOUND (Off:2 Def:4),,,,,4,201960,DeMarre Carroll,1610612737.0,Atlanta,Hawks,ATL,0,0,,,,,,0,0,,,,,,1
0021401138,260,1,1,3,8:56 PM,10:10,Teague 24' 3PT Jump Shot (13 PTS) (Carroll 4 AST),,,52 - 76,24,4,201952,Jeff Teague,1610612737.0,Atlanta,Hawks,ATL,4,201960,DeMarre Carroll,1610612737.0,Atlanta,Hawks,ATL,0,0,,,,,,1
0021401138,261,5,2,3,8:56 PM,9:54,Korver STEAL (1 STL),,Young Lost Ball Turnover (P2.T11),,,5,201152,Thaddeus Young,1610612751.0,Brooklyn,Nets,BKN,4,2594,Kyle Korver,1610612737.0,Atlanta,Hawks,ATL,0,0,,,,,,1
0021401138,262,1,7,3,8:56 PM,9:50,Teague  Dunk (15 PTS) (Korver 3 AST),,,52 - 78,26,4,201952,Jeff Teague,1610612737.0,Atlanta,Hawks,ATL,4,2594,Kyle Korver,1610612737.0,Atlanta,Hawks,ATL,0,0,,,,,,1
0021401138,263,9,1,3,8:56 PM,9:50,,,Nets Timeout: Regular (Reg.3 Short 1),,,3,1610612751,,,,,,0,0,,,,,,0,0,,,,,,0
0021401138,265,1,1,3,8:59 PM,9:38,,,Young 18' Jump Shot (12 PTS) (D. Williams 5 AST),54 - 78,24,5,201152,Thaddeus Young,1610612751.0,Brooklyn,Nets,BKN,5,101114,Deron Williams,1610612751.0,Brooklyn,Nets,BKN,0,0,,,,,,1
0021401138,266,1,1,3,9:00 PM,9:21,Korver 25' 3PT Jump Shot (6 PTS) (Teague 5 AST),,,54 - 81,27,4,2594,Kyle Korver,1610612737.0,Atlanta,Hawks,ATL,4,201952,Jeff Teague,1610612737.0,Atlanta,Hawks,ATL,0,0,,,,,,1
0021401138,267,2,77,3,9:00 PM,9:00,,,MISS Johnson 6' Driving Jump Shot,,,5,2207,Joe Johnson,1610612751.0,Brooklyn,Nets,BKN,0,0,,,,,,0,0,,,,,,1
0021401138,268,4,0,3,9:00 PM,8:58,Teague REBOUND (Off:1 Def:2),,,,,4,201952,Jeff Teague,1610612737.0,Atlanta,Hawks,ATL,0,0,,,,,,0,0,,,,,,1
0021401138,269,1,1,3,9:00 PM,8:53,Carroll 25' 3PT Jump Shot (13 PTS) (Teague 6 AST),,,54 - 84,30,4,201960,DeMarre Carroll,1610612737.0,Atlanta,Hawks,ATL,4,201952,Jeff Teague,1610612737.0,Atlanta,Hawks,ATL,0,0,,,,,,1
0021401138,270,2,1,3,9:00 PM,8:34,,,MISS Bogdanovic 25' 3PT Jump Shot,,,5,202711,Bojan Bogdanovic,1610612751.0,Brooklyn,Nets,BKN,0,0,,,,,,0,0,,,,,,1
0021401138,271,4,0,3,9:00 PM,8:33,Carroll REBOUND (Off:2 Def:5),,,,,4,201960,DeMarre Carroll,1610612737.0,Atlanta,Hawks,ATL,0,0,,,,,,0,0,,,,,,1
0021401138,272,2,1,3,9:00 PM,8:26,MISS Korver 25' 3PT Jump Shot,,,,,4,2594,Kyle Korver,1610612737.0,Atlanta,Hawks,ATL,0,0,,,,,,0,0,,,,,,1
0021401138,273,4,0,3,9:00 PM,8:25,,,Lopez REBOUND (Off:1 Def:4),,,5,201572,Brook Lopez,1610612751.0,Brooklyn,Nets,BKN,0,0,,,,,,0,0,,,,,,1
0021401138,274,1,1,3,9:01 PM,8:11,,,Johnson 24' 3PT Jump Shot (4 PTS) (Bogdanovic 1 AST),57 - 84,27,5,2207,Joe Johnson,1610612751.0,Brooklyn,Nets,BKN,5,202711,Bojan Bogdanovic,1610612751.0,Brooklyn,Nets,BKN,0,0,,,,,,1
0021401138,275,1,77,3,9:01 PM,7:59,Teague 5' Driving Jump Shot (17 PTS),,,57 - 86,29,4,201952,Jeff Teague,1610612737.0,Atlanta,Hawks,ATL,0,0,,,,,,0,0,,,,,,1
0021401138,276,2,77,3,9:01 PM,7:46,,,MISS Young 5' Driving Jump Shot,,,5,201152,Thaddeus Young,1610612751.0,Brooklyn,Nets,BKN,0,0,,,,,,0,0,,,,,,1
0021401138,278,4,0,3,9:01 PM,7:45,,,Lopez REBOUND (Off:2 Def:4),,,5,201572,Brook Lopez,1610612751.0,Brooklyn,Nets,BKN,0,0,,,,,,0,0,,,,,,1
0021401138,277,1,72,3,9:01 PM,7:45,,,Lopez 1' Putback Layup (11 PTS),59 - 86,27,5,201572,Brook Lopez,1610612751.0,Brooklyn,Nets,BKN,0,0,,,,,,0,0,,,,,,1
0021401138,279,6,1,3,9:01 PM,7:36,,,Bogdanovic P.FOUL (P3.T1),,,5,202711,Bojan Bogdanovic,1610612751.0,Brooklyn,Nets,BKN,4,2594,Kyle Korver,1610612737.0,Atlanta,Hawks,ATL,1,0,,,,,,1
0021401138,280,2,42,3,9:02 PM,7:32,MISS Teague 2' Driving Layup,,,,,4,201952,Jeff Teague,1610612737.0,Atlanta,Hawks,ATL,0,0,,,,,,0,0,,,,,,1
0021401138,281,4,0,3,9:02 PM,7:31,,,D. Williams REBOUND (Off:0 Def:4),,,5,101114,Deron Williams,1610612751.0,Brooklyn,Nets,BKN,0,0,,,,,,0,0,,,,,,1
0021401138,282,2,1,3,9:02 PM,7:21,,,MISS Johnson 25' 3PT Jump Shot,,,5,2207,Joe Johnson,1610612751.0,Brooklyn,Nets,BKN,0,0,,,,,,0,0,,,,,,1
0021401138,283,4,0,3,9:02 PM,7:20,,,Young REBOUND (Off:5 Def:1),,,5,201152,Thaddeus Young,1610612751.0,Brooklyn,Nets,BKN,0,0,,,,,,0,0,,,,,,1
0021401138,284,2,77,3,9:02 PM,7:09,,,MISS D. Williams 7' Driving Jump Shot,,,5,101114,Deron Williams,1610612751.0,Brooklyn,Nets,BKN,0,0,,,,,,0,0,,,,,,1
0021401138,286,4,0,3,9:02 PM,7:08,,,Young REBOUND (Off:6 Def:1),,,5,201152,Thaddeus Young,1610612751.0,Brooklyn,Nets,BKN,0,0,,,,,,0,0,,,,,,1
0021401138,285,1,4,3,9:02 PM,7:08,,,Young 1' Tip Shot (14 PTS),61 - 86,25,5,201152,Thaddeus Young,1610612751.0,Brooklyn,Nets,BKN,0,0,,,,,,0,0,,,,,,1
0021401138,288,6,13,3,9:03 PM,6:58,,,Bogdanovic HANGING.TECH.FOUL (P3.T1),,,5,202711,Bojan Bogdanovic,1610612751.0,Brooklyn,Nets,BKN,0,0,,,,,,1,0,,,,,,0
0021401138,289,3,16,3,9:03 PM,6:58,Korver Free Throw Technical (7 PTS),,,61 - 87,26,4,2594,Kyle Korver,1610612737.0,Atlanta,Hawks,ATL,0,0,,,,,,0,0,,,,,,0
0021401138,292,2,1,3,9:04 PM,6:39,MISS Korver 22' Jump Shot,,,,,4,2594,Kyle Korver,1610612737.0,Atlanta,Hawks,ATL,0,0,,,,,,0,0,,,,,,1
0021401138,293,4,0,3,9:05 PM,6:37,,,Young REBOUND (Off:6 Def:2),,,5,201152,Thaddeus Young,1610612751.0,Brooklyn,Nets,BKN,0,0,,,,,,0,0,,,,,,1
0021401138,294,5,40,3,9:05 PM,6:34,,,Young Out of Bounds Lost Ball Turnover (P3.T12),,,5,201152,Thaddeus Young,1610612751.0,Brooklyn,Nets,BKN,0,0,,,,,,0,0,,,,,,1
0021401138,295,1,41,3,9:05 PM,6:26,Horford 1' Running Layup (20 PTS) (Teague 7 AST),,,61 - 89,28,4,201143,Al Horford,1610612737.0,Atlanta,Hawks,ATL,4,201952,Jeff Teague,1610612737.0,Atlanta,Hawks,ATL,0,0,,,,,,1
0021401138,296,6,1,3,9:05 PM,6:12,Teague P.FOUL (P3.T1),,,,,4,201952,Jeff Teague,1610612737.0,Atlanta,Hawks,ATL,5,201572,Brook Lopez,1610612751.0,Brooklyn,Nets,BKN,1,0,,,,,,1
0021401138,297,8,0,3,9:05 PM,6:12,SUB: Antic FOR Horford,,,,,4,201143,Al Horford,1610612737.0,Atlanta,Hawks,ATL,4,203544,Pero Antic,1610612737.0,Atlanta,Hawks,ATL,0,0,,,,,,0
0021401138,298,8,0,3,9:05 PM,6:12,,,SUB: Plumlee FOR Lopez,,,5,201572,Brook Lopez,1610612751.0,Brooklyn,Nets,BKN,5,203486,Mason Plumlee,1610612751.0,Brooklyn,Nets,BKN,0,0,,,,,,0
0021401138,299,8,0,3,9:06 PM,6:12,,,SUB: Clark FOR Young,,,5,201152,Thaddeus Young,1610612751.0,Brooklyn,Nets,BKN,5,201947,Earl Clark,1610612751.0,Brooklyn,Nets,BKN,0,0,,,,,,0
0021401138,300,2,1,3,9:06 PM,6:05,,,MISS D. Williams 25' 3PT Jump Shot,,,5,101114,Deron Williams,1610612751.0,Brooklyn,Nets,BKN,0,0,,,,,,0,0,,,,,,1
0021401138,301,4,0,3,9:06 PM,6:04,HAWKS Rebound,,,,,2,1610612737,,,,,,0,0,,,,,,0,0,,,,,,0
0021401138,302,1,1,3,9:07 PM,5:42,Korver 24' 3PT Jump Shot (10 PTS) (Teague 8 AST),,,61 - 92,31,4,2594,Kyle Korver,1610612737.0,Atlanta,Hawks,ATL,4,201952,Jeff Teague,1610612737.0,Atlanta,Hawks,ATL,0,0,,,,,,1
0021401138,303,5,1,3,9:07 PM,5:22,,,Clark Bad Pass Turnover (P1.T13),,,5,201947,Earl Clark,1610612751.0,Brooklyn,Nets,BKN,0,0,,,,,,0,0,,,,,,1
0021401138,304,8,0,3,9:07 PM,5:22,,,SUB: Brown FOR Johnson,,,5,2207,Joe Johnson,1610612751.0,Brooklyn,Nets,BKN,5,203900,Markel Brown,1610612751.0,Brooklyn,Nets,BKN,0,0,,,,,,0
0021401138,305,8,0,3,9:07 PM,5:22,SUB: Bazemore FOR Korver,,,,,4,2594,Kyle Korver,1610612737.0,Atlanta,Hawks,ATL,4,203145,Kent Bazemore,1610612737.0,Atlanta,Hawks,ATL,0,0,,,,,,0
0021401138,306,2,57,3,9:08 PM,5:08,MISS Carroll 8' Driving Hook Shot,,,,,4,201960,DeMarre Carroll,1610612737.0,Atlanta,Hawks,ATL,0,0,,,,,,0,0,,,,,,1
0021401138,307,4,0,3,9:08 PM,5:07,,,Clark REBOUND (Off:0 Def:2),,,5,201947,Earl Clark,1610612751.0,Brooklyn,Nets,BKN,0,0,,,,,,0,0,,,,,,1
0021401138,308,1,41,3,9:08 PM,5:03,,,Clark 1' Running Layup (2 PTS),63 - 92,29,5,201947,Earl Clark,1610612751.0,Brooklyn,Nets,BKN,0,0,,,,,,0,0,,,,,,1
0021401138,309,1,5,3,9:08 PM,4:47,Carroll 1' Layup (15 PTS) (Bazemore 2 AST),,,63 - 94,31,4,201960,DeMarre Carroll,1610612737.0,Atlanta,Hawks,ATL,4,203145,Kent Bazemore,1610612737.0,Atlanta,Hawks,ATL,0,0,,,,,,1
0021401138,310,1,1,3,9:08 PM,4:35,,,Bogdanovic 24' 3PT Jump Shot (16 PTS) (Brown 1 AST),66 - 94,28,5,202711,Bojan Bogdanovic,1610612751.0,Brooklyn,Nets,BKN,5,203900,Markel Brown,1610612751.0,Brooklyn,Nets,BKN,0,0,,,,,,1
0021401138,312,8,0,3,9:08 PM,4:27,SUB: Mack FOR Teague,,,,,4,201952,Jeff Teague,1610612737.0,Atlanta,Hawks,ATL,4,202714,Shelvin Mack,1610612737.0,Atlanta,Hawks,ATL,0,0,,,,,,0
0021401138,313,8,0,3,9:08 PM,4:27,,,SUB: Jack FOR D. Williams,,,5,101114,Deron Williams,1610612751.0,Brooklyn,Nets,BKN,5,101127,Jarrett Jack,1610612751.0,Brooklyn,Nets,BKN,0,0,,,,,,0
0021401138,315,1,1,3,9:09 PM,4:15,Mack 5' Jump Shot (4 PTS) (Carroll 5 AST),,,66 - 96,30,4,202714,Shelvin Mack,1610612737.0,Atlanta,Hawks,ATL,4,201960,DeMarre Carroll,1610612737.0,Atlanta,Hawks,ATL,0,0,,,,,,1
0021401138,316,2,1,3,9:09 PM,3:52,,,MISS Clark 21' Jump Shot,,,5,201947,Earl Clark,1610612751.0,Brooklyn,Nets,BKN,0,0,,,,,,0,0,,,,,,1
0021401138,317,4,0,3,9:09 PM,3:52,HAWKS Rebound,,,,,2,1610612737,,,,,,0,0,,,,,,0,0,,,,,,0
0021401138,318,6,3,3,9:10 PM,3:52,,,Plumlee L.B.FOUL (P1.T2),,,5,203486,Mason Plumlee,1610612751.0,Brooklyn,Nets,BKN,4,203544,Pero Antic,1610612737.0,Atlanta,Hawks,ATL,1,0,,,,,,1
0021401138,320,8,0,3,9:10 PM,3:52,SUB: Scott FOR Muscala,,,,,4,203488,Mike Muscala,1610612737.0,Atlanta,Hawks,ATL,4,203118,Mike Scott,1610612737.0,Atlanta,Hawks,ATL,0,0,,,,,,0
0021401138,321,1,85,3,9:10 PM,3:32,Scott 10' Turnaround Bank Shot (2 PTS) (Bazemore 3 AST),,,66 - 98,32,4,203118,Mike Scott,1610612737.0,Atlanta,Hawks,ATL,4,203145,Kent Bazemore,1610612737.0,Atlanta,Hawks,ATL,0,0,,,,,,1
0021401138,322,2,1,3,9:10 PM,3:16,,,MISS Clark 11' Jump Shot,,,5,201947,Earl Clark,1610612751.0,Brooklyn,Nets,BKN,0,0,,,,,,0,0,,,,,,1
0021401138,323,4,0,3,9:10 PM,3:14,,,Brown REBOUND (Off:1 Def:0),,,5,203900,Markel Brown,1610612751.0,Brooklyn,Nets,BKN,0,0,,,,,,0,0,,,,,,1
0021401138,324,6,2,3,9:10 PM,3:12,Bazemore S.FOUL (P1.T2),,,,,4,203145,Kent Bazemore,1610612737.0,Atlanta,Hawks,ATL,5,203486,Mason Plumlee,1610612751.0,Brooklyn,Nets,BKN,1,0,,,,,,1
0021401138,326,3,11,3,9:11 PM,3:12,,,MISS Plumlee Free Throw 1 of 2,,,5,203486,Mason Plumlee,1610612751.0,Brooklyn,Nets,BKN,0,0,,,,,,0,0,,,,,,0
0021401138,327,4,1,3,9:11 PM,3:12,,,Nets Rebound,,,3,1610612751,,,,,,0,0,,,,,,0,0,,,,,,0
0021401138,329,3,12,3,9:11 PM,3:12,,,MISS Plumlee Free Throw 2 of 2,,,5,203486,Mason Plumlee,1610612751.0,Brooklyn,Nets,BKN,0,0,,,,,,0,0,,,,,,0
0021401138,331,4,0,3,9:11 PM,3:11,Carroll REBOUND (Off:2 Def:6),,,,,4,201960,DeMarre Carroll,1610612737.0,Atlanta,Hawks,ATL,0,0,,,,,,0,0,,,,,,1
0021401138,332,5,1,3,9:11 PM,2:57,Carroll Bad Pass Turnover (P1.T7),,Brown STEAL (1 STL),,,4,201960,DeMarre Carroll,1610612737.0,Atlanta,Hawks,ATL,5,203900,Markel Brown,1610612751.0,Brooklyn,Nets,BKN,0,0,,,,,,1
0021401138,333,5,2,3,9:11 PM,2:54,Mack STEAL (1 STL),,Brown Lost Ball Turnover (P2.T14),,,5,203900,Markel Brown,1610612751.0,Brooklyn,Nets,BKN,4,202714,Shelvin Mack,1610612737.0,Atlanta,Hawks,ATL,0,0,,,,,,1
0021401138,334,1,7,3,9:11 PM,2:51,Carroll  Dunk (17 PTS) (Mack 2 AST),,,66 - 100,34,4,201960,DeMarre Carroll,1610612737.0,Atlanta,Hawks,ATL,4,202714,Shelvin Mack,1610612737.0,Atlanta,Hawks,ATL,0,0,,,,,,1
0021401138,335,5,2,3,9:12 PM,2:30,Scott STEAL (1 STL),,Plumlee Lost Ball Turnover (P1.T15),,,5,203486,Mason Plumlee,1610612751.0,Brooklyn,Nets,BKN,4,203118,Mike Scott,1610612737.0,Atlanta,Hawks,ATL,0,0,,,,,,1
0021401138,336,1,1,3,9:12 PM,2:17,Carroll  3PT Jump Shot (20 PTS) (Scott 1 AST),,,66 - 103,37,4,201960,DeMarre Carroll,1610612737.0,Atlanta,Hawks,ATL,4,203118,Mike Scott,1610612737.0,Atlanta,Hawks,ATL,0,0,,,,,,1
0021401138,337,6,2,3,9:12 PM,2:07,Mack S.FOUL (P1.T3),,,,,4,202714,Shelvin Mack,1610612737.0,Atlanta,Hawks,ATL,5,101127,Jarrett Jack,1610612751.0,Brooklyn,Nets,BKN,1,0,,,,,,1
0021401138,339,9,1,3,9:14 PM,2:07,HAWKS Timeout: Regular (Full 3 Short 1),,,,,2,1610612737,,,,,,0,0,,,,,,0,0,,,,,,0
0021401138,340,8,0,3,9:14 PM,2:07,SUB: Sefolosha FOR Carroll,,,,,4,201960,DeMarre Carroll,1610612737.0,Atlanta,Hawks,ATL,4,200757,Thabo Sefolosha,1610612737.0,Atlanta,Hawks,ATL,0,0,,,,,,0
0021401138,342,3,11,3,9:15 PM,2:07,,,Jack Free Throw 1 of 2 (8 PTS),67 - 103,36,5,101127,Jarrett Jack,1610612751.0,Brooklyn,Nets,BKN,0,0,,,,,,0,0,,,,,,0
0021401138,344,8,0,3,9:15 PM,2:07,,,SUB: Jefferson FOR Plumlee,,,5,203486,Mason Plumlee,1610612751.0,Brooklyn,Nets,BKN,5,203928,Cory Jefferson,1610612751.0,Brooklyn,Nets,BKN,0,0,,,,,,0
0021401138,345,3,12,3,9:15 PM,2:07,,,Jack Free Throw 2 of 2 (9 PTS),68 - 103,35,5,101127,Jarrett Jack,1610612751.0,Brooklyn,Nets,BKN,0,0,,,,,,0,0,,,,,,0
0021401138,348,1,1,3,9:16 PM,1:47,Sefolosha 24' 3PT Jump Shot (8 PTS) (Bazemore 4 AST),,,68 - 106,38,4,200757,Thabo Sefolosha,1610612737.0,Atlanta,Hawks,ATL,4,203145,Kent Bazemore,1610612737.0,Atlanta,Hawks,ATL,0,0,,,,,,1
0021401138,349,2,1,3,9:16 PM,1:34,,,MISS Brown 24' 3PT Jump Shot,,,5,203900,Markel Brown,1610612751.0,Brooklyn,Nets,BKN,0,0,,,,,,0,0,,,,,,1
0021401138,350,4,0,3,9:16 PM,1:32,Sefolosha REBOUND (Off:0 Def:3),,,,,4,200757,Thabo Sefolosha,1610612737.0,Atlanta,Hawks,ATL,0,0,,,,,,0,0,,,,,,1
0021401138,351,2,44,3,9:16 PM,1:20,MISS Scott 1' Reverse Layup,,,,,4,203118,Mike Scott,1610612737.0,Atlanta,Hawks,ATL,0,0,,,,,,0,0,,,,,,1
0021401138,352,4,0,3,9:16 PM,1:18,,,Clark REBOUND (Off:0 Def:3),,,5,201947,Earl Clark,1610612751.0,Brooklyn,Nets,BKN,0,0,,,,,,0,0,,,,,,1
0021401138,353,1,1,3,9:16 PM,1:10,,,Clark 24' 3PT Jump Shot (5 PTS) (Bogdanovic 2 AST),71 - 106,35,5,201947,Earl Clark,1610612751.0,Brooklyn,Nets,BKN,5,202711,Bojan Bogdanovic,1610612751.0,Brooklyn,Nets,BKN,0,0,,,,,,1
0021401138,354,2,1,3,9:17 PM,1:01,MISS Scott 25' 3PT Jump Shot,,,,,4,203118,Mike Scott,1610612737.0,Atlanta,Hawks,ATL,0,0,,,,,,0,0,,,,,,1
0021401138,355,4,0,3,9:17 PM,0:59,Antic REBOUND (Off:1 Def:0),,,,,4,203544,Pero Antic,1610612737.0,Atlanta,Hawks,ATL,0,0,,,,,,0,0,,,,,,1
0021401138,356,2,1,3,9:17 PM,0:47,MISS Antic 25' 3PT Jump Shot,,Jefferson BLOCK (1 BLK),,,4,203544,Pero Antic,1610612737.0,Atlanta,Hawks,ATL,0,0,,,,,,5,203928,Cory Jefferson,1610612751.0,Brooklyn,Nets,BKN,1
0021401138,357,4,0,3,9:17 PM,0:45,,,Clark REBOUND (Off:0 Def:4),,,5,201947,Earl Clark,1610612751.0,Brooklyn,Nets,BKN,0,0,,,,,,0,0,,,,,,1
0021401138,358,5,40,3,9:17 PM,0:35,,,Jack Out of Bounds Lost Ball Turnover (P3.T16),,,5,101127,Jarrett Jack,1610612751.0,Brooklyn,Nets,BKN,0,0,,,,,,0,0,,,,,,1
0021401138,359,8,0,3,9:17 PM,0:35,SUB: Jenkins FOR Bazemore,,,,,4,203145,Kent Bazemore,1610612737.0,Atlanta,Hawks,ATL,4,203098,John Jenkins,1610612737.0,Atlanta,Hawks,ATL,0,0,,,,,,0
0021401138,360,2,79,3,9:17 PM,0:28,MISS Mack 26' 3PT Pullup Jump Shot,,,,,4,202714,Shelvin Mack,1610612737.0,Atlanta,Hawks,ATL,0,0,,,,,,0,0,,,,,,1
0021401138,361,4,0,3,9:17 PM,0:26,,,Brown REBOUND (Off:1 Def:1),,,5,203900,Markel Brown,1610612751.0,Brooklyn,Nets,BKN,0,0,,,,,,0,0,,,,,,1
0021401138,362,6,1,3,9:18 PM,0:09,Mack P.FOUL (P2.T4),,,,,4,202714,Shelvin Mack,1610612737.0,Atlanta,Hawks,ATL,5,101127,Jarrett Jack,1610612751.0,Brooklyn,Nets,BKN,1,0,,,,,,1
0021401138,363,5,2,3,9:18 PM,0:05,Sefolosha STEAL (1 STL),,Jack Lost Ball Turnover (P4.T17),,,5,101127,Jarrett Jack,1610612751.0,Brooklyn,Nets,BKN,4,200757,Thabo Sefolosha,1610612737.0,Atlanta,Hawks,ATL,0,0,,,,,,1
0021401138,364,1,41,3,9:18 PM,0:02,Mack 1' Running Layup (6 PTS) (Sefolosha 1 AST),,,71 - 108,37,4,202714,Shelvin Mack,1610612737.0,Atlanta,Hawks,ATL,4,200757,Thabo Sefolosha,1610612737.0,Atlanta,Hawks,ATL,0,0,,,,,,1
0021401138,366,2,1,3,9:19 PM,0:00,,,MISS Jack 68' 3PT Jump Shot,,,5,101127,Jarrett Jack,1610612751.0,Brooklyn,Nets,BKN,0,0,,,,,,0,0,,,,,,1
0021401138,367,4,0,3,9:19 PM,0:00,,,Nets Rebound,,,3,1610612751,,,,,,0,0,,,,,,0,0,,,,,,0
0021401138,368,13,0,3,9:19 PM,0:00,,End of 3rd Period (9:19 PM EST),,71 - 108,37,0,0,,,,,,0,0,,,,,,0,0,,,,,,0
0021401138,370,12,0,4,9:21 PM,12:00,,Start of 4th Period (9:21 PM EST),,71 - 108,37,0,0,,,,,,0,0,,,,,,0,0,,,,,,0
0021401138,371,1,47,4,9:22 PM,11:46,,,Jefferson 8' Turnaround Jump Shot (2 PTS) (Jack 4 AST),73 - 108,35,5,203928,Cory Jefferson,1610612751.0,Brooklyn,Nets,BKN,5,101127,Jarrett Jack,1610612751.0,Brooklyn,Nets,BKN,0,0,,,,,,1
0021401138,372,2,1,4,9:22 PM,11:25,MISS Antic 21' Jump Shot,,,,,4,203544,Pero Antic,1610612737.0,Atlanta,Hawks,ATL,0,0,,,,,,0,0,,,,,,1
0021401138,373,4,0,4,9:22 PM,11:23,Sefolosha REBOUND (Off:1 Def:3),,,,,4,200757,Thabo Sefolosha,1610612737.0,Atlanta,Hawks,ATL,0,0,,,,,,0,0,,,,,,1
0021401138,374,1,81,4,9:22 PM,11:10,Sefolosha 15' Pullup Bank Shot (10 PTS) (Scott 2 AST),,,73 - 110,37,4,200757,Thabo Sefolosha,1610612737.0,Atlanta,Hawks,ATL,4,203118,Mike Scott,1610612737.0,Atlanta,Hawks,ATL,0,0,,,,,,1
0021401138,375,5,2,4,9:23 PM,10:47,Sefolosha STEAL (2 STL),,Clark Lost Ball Turnover (P2.T18),,,5,201947,Earl Clark,1610612751.0,Brooklyn,Nets,BKN,4,200757,Thabo Sefolosha,1610612737.0,Atlanta,Hawks,ATL,0,0,,,,,,1
0021401138,376,6,2,4,9:23 PM,10:43,,,Brown S.FOUL (P1.T1),,,5,203900,Markel Brown,1610612751.0,Brooklyn,Nets,BKN,4,200757,Thabo Sefolosha,1610612737.0,Atlanta,Hawks,ATL,1,0,,,,,,1
0021401138,377,3,11,4,9:23 PM,10:43,Sefolosha Free Throw 1 of 2 (11 PTS),,,73 - 111,38,4,200757,Thabo Sefolosha,1610612737.0,Atlanta,Hawks,ATL,0,0,,,,,,0,0,,,,,,0
0021401138,379,8,0,4,9:23 PM,10:43,SUB: Brand FOR Antic,,,,,4,203544,Pero Antic,1610612737.0,Atlanta,Hawks,ATL,4,1882,Elton Brand,1610612737.0,Atlanta,Hawks,ATL,0,0,,,,,,0
0021401138,380,8,0,4,9:23 PM,10:43,SUB: Bazemore FOR Mack,,,,,4,202714,Shelvin Mack,1610612737.0,Atlanta,Hawks,ATL,4,203145,Kent Bazemore,1610612737.0,Atlanta,Hawks,ATL,0,0,,,,,,0
0021401138,381,8,0,4,9:23 PM,10:43,SUB: Muscala FOR Scott,,,,,4,203118,Mike Scott,1610612737.0,Atlanta,Hawks,ATL,4,203488,Mike Muscala,1610612737.0,Atlanta,Hawks,ATL,0,0,,,,,,0
0021401138,382,3,12,4,9:23 PM,10:43,Sefolosha Free Throw 2 of 2 (12 PTS),,,73 - 112,39,4,200757,Thabo Sefolosha,1610612737.0,Atlanta,Hawks,ATL,0,0,,,,,,0,0,,,,,,0
0021401138,384,1,1,4,9:24 PM,10:32,,,Bogdanovic  3PT Jump Shot (19 PTS) (Jack 5 AST),76 - 112,36,5,202711,Bojan Bogdanovic,1610612751.0,Brooklyn,Nets,BKN,5,101127,Jarrett Jack,1610612751.0,Brooklyn,Nets,BKN,0,0,,,,,,1
0021401138,385,2,1,4,9:24 PM,10:24,MISS Jenkins 24' 3PT Jump Shot,,,,,4,203098,John Jenkins,1610612737.0,Atlanta,Hawks,ATL,0,0,,,,,,0,0,,,,,,1
0021401138,386,4,0,4,9:24 PM,10:22,,,Clark REBOUND (Off:0 Def:5),,,5,201947,Earl Clark,1610612751.0,Brooklyn,Nets,BKN,0,0,,,,,,0,0,,,,,,1
0021401138,387,1,79,4,9:24 PM,10:13,,,Jack 16' Pullup Jump Shot (11 PTS),78 - 112,34,5,101127,Jarrett Jack,1610612751.0,Brooklyn,Nets,BKN,0,0,,,,,,0,0,,,,,,1
0021401138,388,2,79,4,9:25 PM,9:51,MISS Sefolosha 22' Pullup Jump Shot,,,,,4,200757,Thabo Sefolosha,1610612737.0,Atlanta,Hawks,ATL,0,0,,,,,,0,0,,,,,,1
0021401138,389,4,0,4,9:25 PM,9:50,,,Jefferson REBOUND (Off:0 Def:1),,,5,203928,Cory Jefferson,1610612751.0,Brooklyn,Nets,BKN,0,0,,,,,,0,0,,,,,,1
0021401138,394,1,45,4,9:25 PM,9:42,,,Jack 11' Jump Shot (13 PTS),80 - 112,32,5,101127,Jarrett Jack,1610612751.0,Brooklyn,Nets,BKN,0,0,,,,,,0,0,,,,,,1
0021401138,390,6,2,4,9:25 PM,9:42,Bazemore S.FOUL (P2.T1),,,,,4,203145,Kent Bazemore,1610612737.0,Atlanta,Hawks,ATL,5,101127,Jarrett Jack,1610612751.0,Brooklyn,Nets,BKN,1,0,,,,,,1
0021401138,391,3,10,4,9:25 PM,9:42,,,Jack Free Throw 1 of 1 (14 PTS),81 - 112,31,5,101127,Jarrett Jack,1610612751.0,Brooklyn,Nets,BKN,0,0,,,,,,0,0,,,,,,0
0021401138,393,1,43,4,9:25 PM,9:32,Bazemore 1' Alley Oop Layup (5 PTS) (Sefolosha 2 AST),,,81 - 114,33,4,203145,Kent Bazemore,1610612737.0,Atlanta,Hawks,ATL,4,200757,Thabo Sefolosha,1610612737.0,Atlanta,Hawks,ATL,0,0,,,,,,1
0021401138,395,1,79,4,9:26 PM,9:19,,,Clark 20' Pullup Jump Shot (7 PTS) (Jack 6 AST),83 - 114,31,5,201947,Earl Clark,1610612751.0,Brooklyn,Nets,BKN,5,101127,Jarrett Jack,1610612751.0,Brooklyn,Nets,BKN,0,0,,,,,,1
0021401138,396,5,1,4,9:26 PM,9:00,Brand Bad Pass Turnover (P1.T8),,Clark STEAL (1 STL),,,4,1882,Elton Brand,1610612737.0,Atlanta,Hawks,ATL,5,201947,Earl Clark,1610612751.0,Brooklyn,Nets,BKN,0,0,,,,,,1
0021401138,397,6,2,4,9:26 PM,8:56,Bazemore S.FOUL (P3.T2),,,,,4,203145,Kent Bazemore,1610612737.0,Atlanta,Hawks,ATL,5,201947,Earl Clark,1610612751.0,Brooklyn,Nets,BKN,1,0,,,,,,1
0021401138,399,9,4,4,9:26 PM,8:56,,Timeout: Official,,,,1,0,,,,,,0,0,,,,,,0,0,,,,,,0
0021401138,401,8,0,4,9:28 PM,8:56,,,SUB: Morris FOR Jack,,,5,101127,Jarrett Jack,1610612751.0,Brooklyn,Nets,BKN,5,202721,Darius Morris,1610612751.0,Brooklyn,Nets,BKN,0,0,,,,,,0
0021401138,402,8,0,4,9:28 PM,8:56,SUB: Mack FOR Sefolosha,,,,,4,200757,Thabo Sefolosha,1610612737.0,Atlanta,Hawks,ATL,4,202714,Shelvin Mack,1610612737.0,Atlanta,Hawks,ATL,0,0,,,,,,0
0021401138,403,3,11,4,9:29 PM,8:56,,,MISS Clark Free Throw 1 of 2,,,5,201947,Earl Clark,1610612751.0,Brooklyn,Nets,BKN,0,0,,,,,,0,0,,,,,,0
0021401138,404,4,1,4,9:29 PM,8:56,,,Nets Rebound,,,3,1610612751,,,,,,0,0,,,,,,0,0,,,,,,0
0021401138,405,3,12,4,9:29 PM,8:56,,,Clark Free Throw 2 of 2 (8 PTS),84 - 114,30,5,201947,Earl Clark,1610612751.0,Brooklyn,Nets,BKN,0,0,,,,,,0,0,,,,,,0
0021401138,407,5,40,4,9:29 PM,8:47,Jenkins Out of Bounds Lost Ball Turnover (P1.T9),,,,,4,203098,John Jenkins,1610612737.0,Atlanta,Hawks,ATL,0,0,,,,,,0,0,,,,,,1
0021401138,409,1,47,4,9:30 PM,8:36,,,Jefferson 14' Turnaround Jump Shot (4 PTS) (Morris 1 AST),86 - 114,28,5,203928,Cory Jefferson,1610612751.0,Brooklyn,Nets,BKN,5,202721,Darius Morris,1610612751.0,Brooklyn,Nets,BKN,0,0,,,,,,1
0021401138,410,6,2,4,9:30 PM,8:15,,,Jefferson S.FOUL (P1.T2),,,5,203928,Cory Jefferson,1610612751.0,Brooklyn,Nets,BKN,4,203488,Mike Muscala,1610612737.0,Atlanta,Hawks,ATL,1,0,,,,,,1
0021401138,411,3,11,4,9:30 PM,8:15,Muscala Free Throw 1 of 2 (6 PTS),,,86 - 115,29,4,203488,Mike Muscala,1610612737.0,Atlanta,Hawks,ATL,0,0,,,,,,0,0,,,,,,0
0021401138,413,8,0,4,9:30 PM,8:15,SUB: Sefolosha FOR Jenkins,,,,,4,203098,John Jenkins,1610612737.0,Atlanta,Hawks,ATL,4,200757,Thabo Sefolosha,1610612737.0,Atlanta,Hawks,ATL,0,0,,,,,,0
0021401138,414,8,0,4,9:30 PM,8:15,,,SUB: Jordan FOR Bogdanovic,,,5,202711,Bojan Bogdanovic,1610612751.0,Brooklyn,Nets,BKN,5,202366,Jerome Jordan,1610612751.0,Brooklyn,Nets,BKN,0,0,,,,,,0
0021401138,415,3,12,4,9:31 PM,8:15,Muscala Free Throw 2 of 2 (7 PTS),,,86 - 116,30,4,203488,Mike Muscala,1610612737.0,Atlanta,Hawks,ATL,0,0,,,,,,0,0,,,,,,0
0021401138,417,2,1,4,9:31 PM,7:58,,,MISS Jefferson 25' 3PT Jump Shot,,,5,203928,Cory Jefferson,1610612751.0,Brooklyn,Nets,BKN,0,0,,,,,,0,0,,,,,,1
0021401138,418,4,0,4,9:31 PM,7:57,HAWKS Rebound,,,,,2,1610612737,,,,,,0,0,,,,,,0,0,,,,,,0
0021401138,419,6,3,4,9:31 PM,7:57,,,Jordan L.B.FOUL (P1.T3),,,5,202366,Jerome Jordan,1610612751.0,Brooklyn,Nets,BKN,4,1882,Elton Brand,1610612737.0,Atlanta,Hawks,ATL,1,0,,,,,,1
0021401138,420,8,0,4,9:31 PM,7:57,SUB: Scott FOR Muscala,,,,,4,203488,Mike Muscala,1610612737.0,Atlanta,Hawks,ATL,4,203118,Mike Scott,1610612737.0,Atlanta,Hawks,ATL,0,0,,,,,,0
0021401138,421,5,2,4,9:32 PM,7:39,Sefolosha Lost Ball Turnover (P2.T10),,Morris STEAL (1 STL),,,4,200757,Thabo Sefolosha,1610612737.0,Atlanta,Hawks,ATL,5,202721,Darius Morris,1610612751.0,Brooklyn,Nets,BKN,0,0,,,,,,1
0021401138,422,2,41,4,9:32 PM,7:33,Bazemore BLOCK (1 BLK),,MISS Morris 1' Running Layup,,,5,202721,Darius Morris,1610612751.0,Brooklyn,Nets,BKN,0,0,,,,,,4,203145,Kent Bazemore,1610612737.0,Atlanta,Hawks,ATL,1
0021401138,423,4,0,4,9:32 PM,7:31,Brand REBOUND (Off:0 Def:1),,,,,4,1882,Elton Brand,1610612737.0,Atlanta,Hawks,ATL,0,0,,,,,,0,0,,,,,,1
0021401138,424,1,1,4,9:32 PM,7:25,Bazemore 26' 3PT Jump Shot (8 PTS) (Mack 3 AST),,,86 - 119,33,4,203145,Kent Bazemore,1610612737.0,Atlanta,Hawks,ATL,4,202714,Shelvin Mack,1610612737.0,Atlanta,Hawks,ATL,0,0,,,,,,1
0021401138,425,2,42,4,9:32 PM,7:09,,,MISS Jordan 2' Driving Layup,,,5,202366,Jerome Jordan,1610612751.0,Brooklyn,Nets,BKN,0,0,,,,,,0,0,,,,,,1
0021401138,426,4,0,4,9:32 PM,7:07,Scott REBOUND (Off:0 Def:1),,,,,4,203118,Mike Scott,1610612737.0,Atlanta,Hawks,ATL,0,0,,,,,,0,0,,,,,,1
0021401138,427,1,1,4,9:32 PM,7:03,Bazemore 24' 3PT Jump Shot (11 PTS) (Sefolosha 3 AST),,,86 - 122,36,4,203145,Kent Bazemore,1610612737.0,Atlanta,Hawks,ATL,4,200757,Thabo Sefolosha,1610612737.0,Atlanta,Hawks,ATL,0,0,,,,,,1
0021401138,428,9,1,4,9:32 PM,6:55,,,Nets Timeout: Regular (Reg.4 Short 1),,,3,1610612751,,,,,,0,0,,,,,,0,0,,,,,,0
0021401138,430,8,0,4,9:34 PM,6:55,SUB: Jenkins FOR Mack,,,,,4,202714,Shelvin Mack,1610612737.0,Atlanta,Hawks,ATL,4,203098,John Jenkins,1610612737.0,Atlanta,Hawks,ATL,0,0,,,,,,0
0021401138,432,1,1,4,9:35 PM,6:42,,,Clark 25' 3PT Jump Shot (11 PTS) (Morris 2 AST),89 - 122,33,5,201947,Earl Clark,1610612751.0,Brooklyn,Nets,BKN,5,202721,Darius Morris,1610612751.0,Brooklyn,Nets,BKN,0,0,,,,,,1
0021401138,433,2,79,4,9:35 PM,6:25,MISS Sefolosha 21' Pullup Jump Shot,,,,,4,200757,Thabo Sefolosha,1610612737.0,Atlanta,Hawks,ATL,0,0,,,,,,0,0,,,,,,1
0021401138,434,4,0,4,9:35 PM,6:23,,,Clark REBOUND (Off:0 Def:6),,,5,201947,Earl Clark,1610612751.0,Brooklyn,Nets,BKN,0,0,,,,,,0,0,,,,,,1
0021401138,435,1,1,4,9:36 PM,6:08,,,Brown 24' 3PT Jump Shot (3 PTS) (Clark 1 AST),92 - 122,30,5,203900,Markel Brown,1610612751.0,Brooklyn,Nets,BKN,5,201947,Earl Clark,1610612751.0,Brooklyn,Nets,BKN,0,0,,,,,,1
0021401138,436,1,1,4,9:36 PM,5:48,Jenkins 18' Jump Shot (2 PTS) (Brand 1 AST),,,92 - 124,32,4,203098,John Jenkins,1610612737.0,Atlanta,Hawks,ATL,4,1882,Elton Brand,1610612737.0,Atlanta,Hawks,ATL,0,0,,,,,,1
0021401138,437,6,2,4,9:36 PM,5:35,Brand S.FOUL (P1.T3),,,,,4,1882,Elton Brand,1610612737.0,Atlanta,Hawks,ATL,5,202366,Jerome Jordan,1610612751.0,Brooklyn,Nets,BKN,1,0,,,,,,1
0021401138,438,3,11,4,9:36 PM,5:35,,,Jordan Free Throw 1 of 2 (1 PTS),93 - 124,31,5,202366,Jerome Jordan,1610612751.0,Brooklyn,Nets,BKN,0,0,,,,,,0,0,,,,,,0
0021401138,440,8,0,4,9:37 PM,5:35,SUB: Mack FOR Bazemore,,,,,4,203145,Kent Bazemore,1610612737.0,Atlanta,Hawks,ATL,4,202714,Shelvin Mack,1610612737.0,Atlanta,Hawks,ATL,0,0,,,,,,0
0021401138,441,3,12,4,9:37 PM,5:35,,,Jordan Free Throw 2 of 2 (2 PTS),94 - 124,30,5,202366,Jerome Jordan,1610612751.0,Brooklyn,Nets,BKN,0,0,,,,,,0,0,,,,,,0
0021401138,443,5,2,4,9:37 PM,5:23,Scott Lost Ball Turnover (P1.T11),,Jefferson STEAL (1 STL),,,4,203118,Mike Scott,1610612737.0,Atlanta,Hawks,ATL,5,203928,Cory Jefferson,1610612751.0,Brooklyn,Nets,BKN,0,0,,,,,,1
0021401138,444,5,1,4,9:37 PM,5:18,Jenkins STEAL (1 STL),,Jefferson Bad Pass Turnover (P1.T19),,,5,203928,Cory Jefferson,1610612751.0,Brooklyn,Nets,BKN,4,203098,John Jenkins,1610612737.0,Atlanta,Hawks,ATL,0,0,,,,,,1
0021401138,445,2,1,4,9:37 PM,5:03,MISS Brand 18' Jump Shot,,,,,4,1882,Elton Brand,1610612737.0,Atlanta,Hawks,ATL,0,0,,,,,,0,0,,,,,,1
0021401138,446,4,0,4,9:38 PM,5:02,,,Jordan REBOUND (Off:0 Def:1),,,5,202366,Jerome Jordan,1610612751.0,Brooklyn,Nets,BKN,0,0,,,,,,0,0,,,,,,1
0021401138,447,1,63,4,9:38 PM,4:54,,,Morris 19' Fadeaway Jumper (2 PTS),96 - 124,28,5,202721,Darius Morris,1610612751.0,Brooklyn,Nets,BKN,0,0,,,,,,0,0,,,,,,1
0021401138,448,2,1,4,9:38 PM,4:32,MISS Jenkins  3PT Jump Shot,,,,,4,203098,John Jenkins,1610612737.0,Atlanta,Hawks,ATL,0,0,,,,,,0,0,,,,,,1
0021401138,449,4,0,4,9:38 PM,4:30,,,Morris REBOUND (Off:0 Def:1),,,5,202721,Darius Morris,1610612751.0,Brooklyn,Nets,BKN,0,0,,,,,,0,0,,,,,,1
0021401138,450,5,1,4,9:38 PM,4:22,Brand STEAL (1 STL),,Morris Bad Pass Turnover (P1.T20),,,5,202721,Darius Morris,1610612751.0,Brooklyn,Nets,BKN,4,1882,Elton Brand,1610612737.0,Atlanta,Hawks,ATL,0,0,,,,,,1
0021401138,451,2,1,4,9:38 PM,4:15,MISS Sefolosha 25' 3PT Jump Shot,,,,,4,200757,Thabo Sefolosha,1610612737.0,Atlanta,Hawks,ATL,0,0,,,,,,0,0,,,,,,1
0021401138,452,4,0,4,9:38 PM,4:14,,,Clark REBOUND (Off:0 Def:7),,,5,201947,Earl Clark,1610612751.0,Brooklyn,Nets,BKN,0,0,,,,,,0,0,,,,,,1
0021401138,453,2,1,4,9:39 PM,3:57,,,MISS Clark 25' 3PT Jump Shot,,,5,201947,Earl Clark,1610612751.0,Brooklyn,Nets,BKN,0,0,,,,,,0,0,,,,,,1
0021401138,454,4,0,4,9:39 PM,3:56,Mack REBOUND (Off:0 Def:2),,,,,4,202714,Shelvin Mack,1610612737.0,Atlanta,Hawks,ATL,0,0,,,,,,0,0,,,,,,1
0021401138,455,9,1,4,9:39 PM,3:50,HAWKS Timeout: Regular (Full 4 Short 1),,,,,2,1610612737,,,,,,0,0,,,,,,0,0,,,,,,0
0021401138,457,8,0,4,9:41 PM,3:50,SUB: Bazemore FOR Scott,,,,,4,203118,Mike Scott,1610612737.0,Atlanta,Hawks,ATL,4,203145,Kent Bazemore,1610612737.0,Atlanta,Hawks,ATL,0,0,,,,,,0
0021401138,459,6,2,4,9:42 PM,3:36,,,Jefferson S.FOUL (P2.T4),,,5,203928,Cory Jefferson,1610612751.0,Brooklyn,Nets,BKN,4,202714,Shelvin Mack,1610612737.0,Atlanta,Hawks,ATL,1,0,,,,,,1
0021401138,460,3,11,4,9:42 PM,3:36,Mack Free Throw 1 of 2 (7 PTS),,,96 - 125,29,4,202714,Shelvin Mack,1610612737.0,Atlanta,Hawks,ATL,0,0,,,,,,0,0,,,,,,0
0021401138,462,3,12,4,9:42 PM,3:36,Mack Free Throw 2 of 2 (8 PTS),,,96 - 126,30,4,202714,Shelvin Mack,1610612737.0,Atlanta,Hawks,ATL,0,0,,,,,,0,0,,,,,,0
0021401138,464,2,1,4,9:42 PM,3:22,,,MISS Jefferson 24' 3PT Jump Shot,,,5,203928,Cory Jefferson,1610612751.0,Brooklyn,Nets,BKN,0,0,,,,,,0,0,,,,,,1
0021401138,465,4,0,4,9:42 PM,3:21,Jenkins REBOUND (Off:0 Def:1),,,,,4,203098,John Jenkins,1610612737.0,Atlanta,Hawks,ATL,0,0,,,,,,0,0,,,,,,1
0021401138,466,5,4,4,9:43 PM,3:08,Brand Traveling Turnover (P2.T12),,,,,4,1882,Elton Brand,1610612737.0,Atlanta,Hawks,ATL,0,0,,,,,,1,0,,,,,,1
0021401138,467,2,1,4,9:43 PM,2:50,,,MISS Clark 22' Jump Shot,,,5,201947,Earl Clark,1610612751.0,Brooklyn,Nets,BKN,0,0,,,,,,0,0,,,,,,1
0021401138,468,4,0,4,9:43 PM,2:48,,,Jefferson REBOUND (Off:1 Def:1),,,5,203928,Cory Jefferson,1610612751.0,Brooklyn,Nets,BKN,0,0,,,,,,0,0,,,,,,1
0021401138,469,1,1,4,9:43 PM,2:45,,,Jefferson 15' Jump Shot (6 PTS),98 - 126,28,5,203928,Cory Jefferson,1610612751.0,Brooklyn,Nets,BKN,0,0,,,,,,0,0,,,,,,1
0021401138,470,2,1,4,9:43 PM,2:31,MISS Sefolosha  3PT Jump Shot,,,,,4,200757,Thabo Sefolosha,1610612737.0,Atlanta,Hawks,ATL,0,0,,,,,,0,0,,,,,,1
0021401138,471,4,0,4,9:43 PM,2:30,,,Jordan REBOUND (Off:0 Def:2),,,5,202366,Jerome Jordan,1610612751.0,Brooklyn,Nets,BKN,0,0,,,,,,0,0,,,,,,1
0021401138,472,2,1,4,9:44 PM,2:16,Brand BLOCK (1 BLK),,MISS Brown 6' Jump Shot,,,5,203900,Markel Brown,1610612751.0,Brooklyn,Nets,BKN,0,0,,,,,,4,1882,Elton Brand,1610612737.0,Atlanta,Hawks,ATL,1
0021401138,473,4,0,4,9:44 PM,2:15,,,Brown REBOUND (Off:2 Def:1),,,5,203900,Markel Brown,1610612751.0,Brooklyn,Nets,BKN,0,0,,,,,,0,0,,,,,,1
0021401138,474,2,72,4,9:44 PM,2:12,,,MISS Brown  Putback Layup,,,5,203900,Markel Brown,1610612751.0,Brooklyn,Nets,BKN,0,0,,,,,,0,0,,,,,,1
0021401138,475,4,0,4,9:44 PM,2:11,Mack REBOUND (Off:0 Def:3),,,,,4,202714,Shelvin Mack,1610612737.0,Atlanta,Hawks,ATL,0,0,,,,,,0,0,,,,,,1
0021401138,476,1,79,4,9:44 PM,1:55,Mack 19' Pullup Jump Shot (10 PTS),,,98 - 128,30,4,202714,Shelvin Mack,1610612737.0,Atlanta,Hawks,ATL,0,0,,,,,,0,0,,,,,,1
0021401138,478,2,79,4,9:44 PM,1:46,,,MISS Morris 18' Pullup Jump Shot,,,5,202721,Darius Morris,1610612751.0,Brooklyn,Nets,BKN,0,0,,,,,,0,0,,,,,,1
0021401138,479,4,0,4,9:44 PM,1:45,Jenkins REBOUND (Off:0 Def:2),,,,,4,203098,John Jenkins,1610612737.0,Atlanta,Hawks,ATL,0,0,,,,,,0,0,,,,,,1
0021401138,480,2,1,4,9:44 PM,1:35,MISS Jenkins 25' 3PT Jump Shot,,Brown BLOCK (1 BLK),,,4,203098,John Jenkins,1610612737.0,Atlanta,Hawks,ATL,0,0,,,,,,5,203900,Markel Brown,1610612751.0,Brooklyn,Nets,BKN,1
0021401138,481,4,0,4,9:44 PM,1:33,,,Jefferson REBOUND (Off:1 Def:2),,,5,203928,Cory Jefferson,1610612751.0,Brooklyn,Nets,BKN,0,0,,,,,,0,0,,,,,,1
0021401138,482,5,1,4,9:45 PM,1:23,Jenkins STEAL (2 STL),,Morris Bad Pass Turnover (P2.T21),,,5,202721,Darius Morris,1610612751.0,Brooklyn,Nets,BKN,4,203098,John Jenkins,1610612737.0,Atlanta,Hawks,ATL,0,0,,,,,,1
0021401138,483,2,1,4,9:45 PM,1:18,MISS Jenkins 24' 3PT Jump Shot,,,,,4,203098,John Jenkins,1610612737.0,Atlanta,Hawks,ATL,0,0,,,,,,0,0,,,,,,1
0021401138,484,4,0,4,9:45 PM,1:16,Mack REBOUND (Off:1 Def:3),,,,,4,202714,Shelvin Mack,1610612737.0,Atlanta,Hawks,ATL,0,0,,,,,,0,0,,,,,,1
0021401138,485,1,1,4,9:45 PM,0:54,Jenkins 24' 3PT Jump Shot (5 PTS) (Bazemore 5 AST),,,98 - 131,33,4,203098,John Jenkins,1610612737.0,Atlanta,Hawks,ATL,4,203145,Kent Bazemore,1610612737.0,Atlanta,Hawks,ATL,0,0,,,,,,1
0021401138,486,2,1,4,9:45 PM,0:43,,,MISS Morris 25' 3PT Jump Shot,,,5,202721,Darius Morris,1610612751.0,Brooklyn,Nets,BKN,0,0,,,,,,0,0,,,,,,1
0021401138,487,4,0,4,9:45 PM,0:41,Mack REBOUND (Off:1 Def:4),,,,,4,202714,Shelvin Mack,1610612737.0,Atlanta,Hawks,ATL,0,0,,,,,,0,0,,,,,,1
0021401138,489,5,11,4,9:46 PM,0:17,HAWKS Turnover: Shot Clock (T#13),,,,,2,1610612737,,,,,,0,0,,,,,,1,0,,,,,,0
0021401138,490,8,0,4,9:46 PM,0:17,SUB: Scott FOR Sefolosha,,,,,4,200757,Thabo Sefolosha,1610612737.0,Atlanta,Hawks,ATL,4,203118,Mike Scott,1610612737.0,Atlanta,Hawks,ATL,0,0,,,,,,0
0021401138,491,6,2,4,9:46 PM,0:08,Scott S.FOUL (P1.T4),,,,,4,203118,Mike Scott,1610612737.0,Atlanta,Hawks,ATL,5,203928,Cory Jefferson,1610612751.0,Brooklyn,Nets,BKN,1,0,,,,,,1
0021401138,492,3,11,4,9:47 PM,0:08,,,Jefferson Free Throw 1 of 2 (7 PTS),99 - 131,32,5,203928,Cory Jefferson,1610612751.0,Brooklyn,Nets,BKN,0,0,,,,,,0,0,,,,,,0
0021401138,494,3,12,4,9:47 PM,0:08,,,MISS Jefferson Free Throw 2 of 2,,,5,203928,Cory Jefferson,1610612751.0,Brooklyn,Nets,BKN,0,0,,,,,,0,0,,,,,,0
0021401138,496,4,0,4,9:47 PM,0:07,Scott REBOUND (Off:0 Def:2),,,,,4,203118,Mike Scott,1610612737.0,Atlanta,Hawks,ATL,0,0,,,,,,0,0,,,,,,1
0021401138,497,13,0,4,9:47 PM,0:00,,End of 4th Period (9:47 PM EST),,99 - 131,32,0,0,,,,,,0,0,,,,,,0,0,,,,,,0
